-50 -50 0
-50 -49 6
-50 -48 12
-50 -47 18
-50 -46 24
-50 -45 30
-50 -44 35
-50 -43 41
-50 -42 46
-50 42 46
-50 43 41
-50 44 35
-50 45 30
-50 46 24
-50 47 18
-50 48 12
-50 49 6
-49 -50 -6
-49 -49 0
-49 -48 6
-49 -47 12
-49 -46 18
-49 -45 23
-49 -45 24
-49 -44 29
-49 -43 34
-49 -43 35
-49 -42 40
-49 -41 45
-49 41 45
-49 42 40
-49 43 34
-49 43 35
-49 44 29
-49 45 23
-49 45 24
-49 46 18
-49 47 12
-49 48 6
-49 49 0
-48 -50 -12
-48 -49 -6
-48 -48 0
-48 -47 6
-48 -46 12
-48 -45 17
-48 -44 23
-48 -43 28
-48 -42 34
-48 -41 39
-48 -40 44
-48 -39 49
-48 39 49
-48 40 44
-48 41 39
-48 42 34
-48 43 28
-48 44 23
-48 45 17
-48 46 12
-48 47 6
-48 48 0
-48 49 -6
-47 -50 -18
-47 -49 -12
-47 -48 -6
-47 -47 0
-47 -46 6
-47 -45 11
-47 -45 12
-47 -44 17
-47 -43 22
-47 -43 23
-47 -42 28
-47 -41 33
-47 -40 38
-47 -39 43
-47 -38 48
-47 38 48
-47 39 43
-47 40 38
-47 41 33
-47 42 28
-47 43 22
-47 43 23
-47 44 17
-47 45 11
-47 45 12
-47 46 6
-47 47 0
-47 48 -6
-47 49 -12
-46 -50 -24
-46 -49 -18
-46 -48 -12
-46 -47 -6
-46 -46 0
-46 -45 6
-46 -44 11
-46 -43 17
-46 -42 22
-46 -41 27
-46 -40 32
-46 -39 37
-46 -38 42
-46 -37 47
-46 37 47
-46 38 42
-46 39 37
-46 40 32
-46 41 27
-46 42 22
-46 43 17
-46 44 11
-46 45 6
-46 46 0
-46 47 -6
-46 48 -12
-46 49 -18
-45 -50 -30
-45 -49 -24
-45 -49 -23
-45 -48 -17
-45 -47 -12
-45 -47 -11
-45 -46 -6
-45 -45 0
-45 -44 6
-45 -43 11
-45 -42 16
-45 -41 21
-45 -41 22
-45 -40 27
-45 -39 31
-45 -39 32
-45 -38 36
-45 -37 41
-45 -36 46
-45 36 46
-45 37 41
-45 38 36
-45 39 31
-45 39 32
-45 40 27
-45 41 21
-45 41 22
-45 42 16
-45 43 11
-45 44 6
-45 45 0
-45 46 -6
-45 47 -12
-45 47 -11
-45 48 -17
-45 49 -24
-45 49 -23
-44 -50 -35
-44 -49 -29
-44 -48 -23
-44 -47 -17
-44 -46 -11
-44 -45 -6
-44 -44 0
-44 -43 5
-44 -42 11
-44 -41 16
-44 -40 21
-44 -39 26
-44 -38 31
-44 -37 35
-44 -36 40
-44 -35 44
-44 -34 49
-44 34 49
-44 35 44
-44 36 40
-44 37 35
-44 38 31
-44 39 26
-44 40 21
-44 41 16
-44 42 11
-44 43 5
-44 44 0
-44 45 -6
-44 46 -11
-44 47 -17
-44 48 -23
-44 49 -29
-43 -50 -41
-43 -49 -35
-43 -49 -34
-43 -48 -28
-43 -47 -23
-43 -47 -22
-43 -46 -17
-43 -45 -11
-43 -44 -5
-43 -43 0
-43 -42 5
-43 -41 10
-43 -41 11
-43 -40 16
-43 -39 20
-43 -39 21
-43 -38 25
-43 -37 30
-43 -36 35
-43 -35 39
-43 -34 43
-43 -33 47
-43 -33 48
-43 33 47
-43 33 48
-43 34 43
-43 35 39
-43 36 35
-43 37 30
-43 38 25
-43 39 20
-43 39 21
-43 40 16
-43 41 10
-43 41 11
-43 42 5
-43 43 0
-43 44 -5
-43 45 -11
-43 46 -17
-43 47 -23
-43 47 -22
-43 48 -28
-43 49 -35
-43 49 -34
-42 -50 -46
-42 -49 -40
-42 -48 -34
-42 -47 -28
-42 -46 -22
-42 -45 -16
-42 -44 -11
-42 -43 -5
-42 -42 0
-42 -41 5
-42 -40 10
-42 -39 15
-42 -38 20
-42 -37 25
-42 -36 29
-42 -35 34
-42 -34 38
-42 -33 42
-42 -32 46
-42 32 46
-42 33 42
-42 34 38
-42 35 34
-42 36 29
-42 37 25
-42 38 20
-42 39 15
-42 40 10
-42 41 5
-42 42 0
-42 43 -5
-42 44 -11
-42 45 -16
-42 46 -22
-42 47 -28
-42 48 -34
-42 49 -40
-41 -49 -45
-41 -48 -39
-41 -47 -33
-41 -46 -27
-41 -45 -22
-41 -45 -21
-41 -44 -16
-41 -43 -11
-41 -43 -10
-41 -42 -5
-41 -41 0
-41 -40 5
-41 -39 10
-41 -38 15
-41 -37 19
-41 -37 20
-41 -36 24
-41 -35 28
-41 -35 29
-41 -34 33
-41 -33 37
-41 -32 41
-41 -31 45
-41 -30 49
-41 30 49
-41 31 45
-41 32 41
-41 33 37
-41 34 33
-41 35 28
-41 35 29
-41 36 24
-41 37 19
-41 37 20
-41 38 15
-41 39 10
-41 40 5
-41 41 0
-41 42 -5
-41 43 -11
-41 43 -10
-41 44 -16
-41 45 -22
-41 45 -21
-41 46 -27
-41 47 -33
-41 48 -39
-41 49 -45
-40 -49 -50
-40 -48 -44
-40 -47 -38
-40 -46 -32
-40 -45 -27
-40 -44 -21
-40 -43 -16
-40 -42 -10
-40 -41 -5
-40 -40 0
-40 -39 5
-40 -38 10
-40 -37 14
-40 -36 19
-40 -35 23
-40 -34 28
-40 -33 32
-40 -32 36
-40 -31 40
-40 -30 44
-40 -29 47
-40 29 47
-40 30 44
-40 31 40
-40 32 36
-40 33 32
-40 34 28
-40 35 23
-40 36 19
-40 37 14
-40 38 10
-40 39 5
-40 40 0
-40 41 -5
-40 42 -10
-40 43 -16
-40 44 -21
-40 45 -27
-40 46 -32
-40 47 -38
-40 48 -44
-40 49 -50
-39 -48 -49
-39 -47 -43
-39 -46 -37
-39 -45 -32
-39 -45 -31
-39 -44 -26
-39 -43 -21
-39 -43 -20
-39 -42 -15
-39 -41 -10
-39 -40 -5
-39 -39 0
-39 -38 5
-39 -37 9
-39 -37 10
-39 -36 14
-39 -35 18
-39 -35 19
-39 -34 23
-39 -33 27
-39 -32 31
-39 -31 35
-39 -30 39
-39 -29 42
-39 -29 43
-39 -28 46
-39 -27 49
-39 27 49
-39 28 46
-39 29 42
-39 29 43
-39 30 39
-39 31 35
-39 32 31
-39 33 27
-39 34 23
-39 35 18
-39 35 19
-39 36 14
-39 37 9
-39 37 10
-39 38 5
-39 39 0
-39 40 -5
-39 41 -10
-39 42 -15
-39 43 -21
-39 43 -20
-39 44 -26
-39 45 -32
-39 45 -31
-39 46 -37
-39 47 -43
-39 48 -49
-38 -47 -48
-38 -46 -42
-38 -45 -36
-38 -44 -31
-38 -43 -25
-38 -42 -20
-38 -41 -15
-38 -40 -10
-38 -39 -5
-38 -38 0
-38 -37 5
-38 -36 9
-38 -35 14
-38 -34 18
-38 -33 22
-38 -32 26
-38 -31 30
-38 -30 34
-38 -29 38
-38 -28 41
-38 -27 45
-38 -26 48
-38 26 48
-38 27 45
-38 28 41
-38 29 38
-38 30 34
-38 31 30
-38 32 26
-38 33 22
-38 34 18
-38 35 14
-38 36 9
-38 37 5
-38 38 0
-38 39 -5
-38 40 -10
-38 41 -15
-38 42 -20
-38 43 -25
-38 44 -31
-38 45 -36
-38 46 -42
-38 47 -48
-37 -46 -47
-37 -45 -41
-37 -44 -35
-37 -43 -30
-37 -42 -25
-37 -41 -20
-37 -41 -19
-37 -40 -14
-37 -39 -10
-37 -39 -9
-37 -38 -5
-37 -37 0
-37 -36 5
-37 -35 9
-37 -34 13
-37 -33 17
-37 -33 18
-37 -32 22
-37 -31 25
-37 -31 26
-37 -30 29
-37 -29 33
-37 -28 37
-37 -27 40
-37 -26 43
-37 -25 46
-37 -25 47
-37 25 46
-37 25 47
-37 26 43
-37 27 40
-37 28 37
-37 29 33
-37 30 29
-37 31 25
-37 31 26
-37 32 22
-37 33 17
-37 33 18
-37 34 13
-37 35 9
-37 36 5
-37 37 0
-37 38 -5
-37 39 -10
-37 39 -9
-37 40 -14
-37 41 -20
-37 41 -19
-37 42 -25
-37 43 -30
-37 44 -35
-37 45 -41
-37 46 -47
-36 -45 -46
-36 -44 -40
-36 -43 -35
-36 -42 -29
-36 -41 -24
-36 -40 -19
-36 -39 -14
-36 -38 -9
-36 -37 -5
-36 -36 0
-36 -35 4
-36 -34 9
-36 -33 13
-36 -32 17
-36 -31 21
-36 -30 25
-36 -29 28
-36 -28 32
-36 -27 35
-36 -26 39
-36 -25 42
-36 -24 45
-36 -23 48
-36 23 48
-36 24 45
-36 25 42
-36 26 39
-36 27 35
-36 28 32
-36 29 28
-36 30 25
-36 31 21
-36 32 17
-36 33 13
-36 34 9
-36 35 4
-36 36 0
-36 37 -5
-36 38 -9
-36 39 -14
-36 40 -19
-36 41 -24
-36 42 -29
-36 43 -35
-36 44 -40
-36 45 -46
-35 -45 -50
-35 -44 -44
-35 -43 -39
-35 -42 -34
-35 -41 -29
-35 -41 -28
-35 -40 -23
-35 -39 -19
-35 -39 -18
-35 -38 -14
-35 -37 -9
-35 -36 -4
-35 -35 0
-35 -34 4
-35 -33 8
-35 -33 9
-35 -32 13
-35 -31 16
-35 -31 17
-35 -30 20
-35 -29 24
-35 -28 28
-35 -27 31
-35 -26 34
-35 -25 37
-35 -25 38
-35 -24 41
-35 -23 43
-35 -23 44
-35 -22 46
-35 -21 49
-35 21 49
-35 22 46
-35 23 43
-35 23 44
-35 24 41
-35 25 37
-35 25 38
-35 26 34
-35 27 31
-35 28 28
-35 29 24
-35 30 20
-35 31 16
-35 31 17
-35 32 13
-35 33 8
-35 33 9
-35 34 4
-35 35 0
-35 36 -4
-35 37 -9
-35 38 -14
-35 39 -19
-35 39 -18
-35 40 -23
-35 41 -29
-35 41 -28
-35 42 -34
-35 43 -39
-35 44 -44
-35 45 -50
-34 -44 -49
-34 -43 -43
-34 -42 -38
-34 -41 -33
-34 -40 -28
-34 -39 -23
-34 -38 -18
-34 -37 -13
-34 -36 -9
-34 -35 -4
-34 -34 0
-34 -33 4
-34 -32 8
-34 -31 12
-34 -30 16
-34 -29 20
-34 -28 23
-34 -27 27
-34 -26 30
-34 -25 33
-34 -24 36
-34 -23 39
-34 -22 42
-34 -21 45
-34 -20 47
-34 20 47
-34 21 45
-34 22 42
-34 23 39
-34 24 36
-34 25 33
-34 26 30
-34 27 27
-34 28 23
-34 29 20
-34 30 16
-34 31 12
-34 32 8
-34 33 4
-34 34 0
-34 35 -4
-34 36 -9
-34 37 -13
-34 38 -18
-34 39 -23
-34 40 -28
-34 41 -33
-34 42 -38
-34 43 -43
-34 44 -49
-33 -43 -48
-33 -43 -47
-33 -42 -42
-33 -41 -37
-33 -40 -32
-33 -39 -27
-33 -38 -22
-33 -37 -18
-33 -37 -17
-33 -36 -13
-33 -35 -9
-33 -35 -8
-33 -34 -4
-33 -33 0
-33 -32 4
-33 -31 8
-33 -30 12
-33 -29 15
-33 -29 16
-33 -28 19
-33 -27 22
-33 -27 23
-33 -26 26
-33 -25 29
-33 -24 32
-33 -23 35
-33 -22 38
-33 -21 40
-33 -21 41
-33 -20 43
-33 -19 45
-33 -19 46
-33 -18 48
-33 18 48
-33 19 45
-33 19 46
-33 20 43
-33 21 40
-33 21 41
-33 22 38
-33 23 35
-33 24 32
-33 25 29
-33 26 26
-33 27 22
-33 27 23
-33 28 19
-33 29 15
-33 29 16
-33 30 12
-33 31 8
-33 32 4
-33 33 0
-33 34 -4
-33 35 -9
-33 35 -8
-33 36 -13
-33 37 -18
-33 37 -17
-33 38 -22
-33 39 -27
-33 40 -32
-33 41 -37
-33 42 -42
-33 43 -48
-33 43 -47
-32 -42 -46
-32 -41 -41
-32 -40 -36
-32 -39 -31
-32 -38 -26
-32 -37 -22
-32 -36 -17
-32 -35 -13
-32 -34 -8
-32 -33 -4
-32 -32 0
-32 -31 4
-32 -30 8
-32 -29 11
-32 -28 15
-32 -27 18
-32 -26 22
-32 -25 25
-32 -24 28
-32 -23 31
-32 -22 34
-32 -21 36
-32 -20 39
-32 -19 41
-32 -18 44
-32 -17 46
-32 -16 48
-32 16 48
-32 17 46
-32 18 44
-32 19 41
-32 20 39
-32 21 36
-32 22 34
-32 23 31
-32 24 28
-32 25 25
-32 26 22
-32 27 18
-32 28 15
-32 29 11
-32 30 8
-32 31 4
-32 32 0
-32 33 -4
-32 34 -8
-32 35 -13
-32 36 -17
-32 37 -22
-32 38 -26
-32 39 -31
-32 40 -36
-32 41 -41
-32 42 -46
-31 -42 -50
-31 -41 -45
-31 -40 -40
-31 -39 -35
-31 -38 -30
-31 -37 -26
-31 -37 -25
-31 -36 -21
-31 -35 -17
-31 -35 -16
-31 -34 -12
-31 -33 -8
-31 -32 -4
-31 -31 0
-31 -30 4
-31 -29 7
-31 -29 8
-31 -28 11
-31 -27 14
-31 -27 15
-31 -26 18
-31 -25 21
-31 -24 24
-31 -23 27
-31 -22 30
-31 -21 32
-31 -21 33
-31 -20 35
-31 -19 37
-31 -19 38
-31 -18 40
-31 -17 42
-31 -16 44
-31 -15 46
-31 -14 48
-31 -13 49
-31 13 49
-31 14 48
-31 15 46
-31 16 44
-31 17 42
-31 18 40
-31 19 37
-31 19 38
-31 20 35
-31 21 32
-31 21 33
-31 22 30
-31 23 27
-31 24 24
-31 25 21
-31 26 18
-31 27 14
-31 27 15
-31 28 11
-31 29 7
-31 29 8
-31 30 4
-31 31 0
-31 32 -4
-31 33 -8
-31 34 -12
-31 35 -17
-31 35 -16
-31 36 -21
-31 37 -26
-31 37 -25
-31 38 -30
-31 39 -35
-31 40 -40
-31 41 -45
-31 42 -50
-30 -41 -49
-30 -40 -44
-30 -39 -39
-30 -38 -34
-30 -37 -29
-30 -36 -25
-30 -35 -20
-30 -34 -16
-30 -33 -12
-30 -32 -8
-30 -31 -4
-30 -30 0
-30 -29 4
-30 -28 7
-30 -27 11
-30 -26 14
-30 -25 17
-30 -24 20
-30 -23 23
-30 -22 26
-30 -21 29
-30 -20 31
-30 -19 34
-30 -18 36
-30 -17 38
-30 -16 40
-30 -15 42
-30 -14 44
-30 -13 46
-30 -12 47
-30 -11 49
-30 11 49
-30 12 47
-30 13 46
-30 14 44
-30 15 42
-30 16 40
-30 17 38
-30 18 36
-30 19 34
-30 20 31
-30 21 29
-30 22 26
-30 23 23
-30 24 20
-30 25 17
-30 26 14
-30 27 11
-30 28 7
-30 29 4
-30 30 0
-30 31 -4
-30 32 -8
-30 33 -12
-30 34 -16
-30 35 -20
-30 36 -25
-30 37 -29
-30 38 -34
-30 39 -39
-30 40 -44
-30 41 -49
-29 -40 -47
-29 -39 -43
-29 -39 -42
-29 -38 -38
-29 -37 -33
-29 -36 -28
-29 -35 -24
-29 -34 -20
-29 -33 -16
-29 -33 -15
-29 -32 -11
-29 -31 -8
-29 -31 -7
-29 -30 -4
-29 -29 0
-29 -28 4
-29 -27 7
-29 -26 10
-29 -25 13
-29 -25 14
-29 -24 17
-29 -23 19
-29 -23 20
-29 -22 22
-29 -21 25
-29 -20 28
-29 -19 30
-29 -18 32
-29 -17 34
-29 -17 35
-29 -16 37
-29 -15 38
-29 -15 39
-29 -14 40
-29 -13 42
-29 -12 44
-29 -11 45
-29 -10 46
-29 -9 47
-29 -9 48
-29 -8 49
-29 -7 49
-29 7 49
-29 8 49
-29 9 47
-29 9 48
-29 10 46
-29 11 45
-29 12 44
-29 13 42
-29 14 40
-29 15 38
-29 15 39
-29 16 37
-29 17 34
-29 17 35
-29 18 32
-29 19 30
-29 20 28
-29 21 25
-29 22 22
-29 23 19
-29 23 20
-29 24 17
-29 25 13
-29 25 14
-29 26 10
-29 27 7
-29 28 4
-29 29 0
-29 30 -4
-29 31 -8
-29 31 -7
-29 32 -11
-29 33 -16
-29 33 -15
-29 34 -20
-29 35 -24
-29 36 -28
-29 37 -33
-29 38 -38
-29 39 -43
-29 39 -42
-29 40 -47
-28 -39 -46
-28 -38 -41
-28 -37 -37
-28 -36 -32
-28 -35 -28
-28 -34 -23
-28 -33 -19
-28 -32 -15
-28 -31 -11
-28 -30 -7
-28 -29 -4
-28 -28 0
-28 -27 3
-28 -26 7
-28 -25 10
-28 -24 13
-28 -23 16
-28 -22 19
-28 -21 21
-28 -20 24
-28 -19 26
-28 -18 29
-28 -17 31
-28 -16 33
-28 -15 35
-28 -14 37
-28 -13 38
-28 -12 40
-28 -11 41
-28 -10 43
-28 -9 44
-28 -8 45
-28 -7 46
-28 -6 47
-28 -5 47
-28 -4 48
-28 -3 48
-28 -2 49
-28 -1 49
-28 0 49
-28 1 49
-28 2 49
-28 3 48
-28 4 48
-28 5 47
-28 6 47
-28 7 46
-28 8 45
-28 9 44
-28 10 43
-28 11 41
-28 12 40
-28 13 38
-28 14 37
-28 15 35
-28 16 33
-28 17 31
-28 18 29
-28 19 26
-28 20 24
-28 21 21
-28 22 19
-28 23 16
-28 24 13
-28 25 10
-28 26 7
-28 27 3
-28 28 0
-28 29 -4
-28 30 -7
-28 31 -11
-28 32 -15
-28 33 -19
-28 34 -23
-28 35 -28
-28 36 -32
-28 37 -37
-28 38 -41
-28 39 -46
-27 -39 -50
-27 -39 -49
-27 -38 -45
-27 -37 -40
-27 -36 -35
-27 -35 -31
-27 -34 -27
-27 -33 -23
-27 -33 -22
-27 -32 -18
-27 -31 -15
-27 -31 -14
-27 -30 -11
-27 -29 -7
-27 -28 -3
-27 -27 0
-27 -26 3
-27 -25 6
-27 -25 7
-27 -24 10
-27 -23 12
-27 -23 13
-27 -22 15
-27 -21 18
-27 -20 21
-27 -19 23
-27 -18 25
-27 -17 27
-27 -17 28
-27 -16 30
-27 -15 31
-27 -15 32
-27 -14 33
-27 -13 35
-27 -12 37
-27 -11 38
-27 -10 39
-27 -9 40
-27 -9 41
-27 -8 42
-27 -7 42
-27 -7 43
-27 -6 43
-27 -5 44
-27 -4 45
-27 -3 45
-27 -2 45
-27 -1 45
-27 -1 46
-27 0 46
-27 1 45
-27 1 46
-27 2 45
-27 3 45
-27 4 45
-27 5 44
-27 6 43
-27 7 42
-27 7 43
-27 8 42
-27 9 40
-27 9 41
-27 10 39
-27 11 38
-27 12 37
-27 13 35
-27 14 33
-27 15 31
-27 15 32
-27 16 30
-27 17 27
-27 17 28
-27 18 25
-27 19 23
-27 20 21
-27 21 18
-27 22 15
-27 23 12
-27 23 13
-27 24 10
-27 25 6
-27 25 7
-27 26 3
-27 27 0
-27 28 -3
-27 29 -7
-27 30 -11
-27 31 -15
-27 31 -14
-27 32 -18
-27 33 -23
-27 33 -22
-27 34 -27
-27 35 -31
-27 36 -35
-27 37 -40
-27 38 -45
-27 39 -50
-27 39 -49
-26 -38 -48
-26 -37 -43
-26 -36 -39
-26 -35 -34
-26 -34 -30
-26 -33 -26
-26 -32 -22
-26 -31 -18
-26 -30 -14
-26 -29 -10
-26 -28 -7
-26 -27 -3
-26 -26 0
-26 -25 3
-26 -24 6
-26 -23 9
-26 -22 12
-26 -21 15
-26 -20 17
-26 -19 20
-26 -18 22
-26 -17 24
-26 -16 26
-26 -15 28
-26 -14 30
-26 -13 32
-26 -12 33
-26 -11 35
-26 -10 36
-26 -9 37
-26 -8 38
-26 -7 39
-26 -6 40
-26 -5 41
-26 -4 41
-26 -3 42
-26 -2 42
-26 -1 42
-26 0 42
-26 1 42
-26 2 42
-26 3 42
-26 4 41
-26 5 41
-26 6 40
-26 7 39
-26 8 38
-26 9 37
-26 10 36
-26 11 35
-26 12 33
-26 13 32
-26 14 30
-26 15 28
-26 16 26
-26 17 24
-26 18 22
-26 19 20
-26 20 17
-26 21 15
-26 22 12
-26 23 9
-26 24 6
-26 25 3
-26 26 0
-26 27 -3
-26 28 -7
-26 29 -10
-26 30 -14
-26 31 -18
-26 32 -22
-26 33 -26
-26 34 -30
-26 35 -34
-26 36 -39
-26 37 -43
-26 38 -48
-25 -37 -47
-25 -37 -46
-25 -36 -42
-25 -35 -38
-25 -35 -37
-25 -34 -33
-25 -33 -29
-25 -32 -25
-25 -31 -21
-25 -30 -17
-25 -29 -14
-25 -29 -13
-25 -28 -10
-25 -27 -7
-25 -27 -6
-25 -26 -3
-25 -25 0
-25 -24 3
-25 -23 6
-25 -22 9
-25 -21 11
-25 -21 12
-25 -20 14
-25 -19 16
-25 -19 17
-25 -18 19
-25 -17 21
-25 -16 23
-25 -15 25
-25 -14 27
-25 -13 28
-25 -13 29
-25 -12 30
-25 -11 31
-25 -11 32
-25 -10 33
-25 -9 34
-25 -8 35
-25 -7 36
-25 -6 37
-25 -5 37
-25 -5 38
-25 -4 38
-25 -3 38
-25 -3 39
-25 -2 39
-25 -1 39
-25 0 39
-25 1 39
-25 2 39
-25 3 38
-25 3 39
-25 4 38
-25 5 37
-25 5 38
-25 6 37
-25 7 36
-25 8 35
-25 9 34
-25 10 33
-25 11 31
-25 11 32
-25 12 30
-25 13 28
-25 13 29
-25 14 27
-25 15 25
-25 16 23
-25 17 21
-25 18 19
-25 19 16
-25 19 17
-25 20 14
-25 21 11
-25 21 12
-25 22 9
-25 23 6
-25 24 3
-25 25 0
-25 26 -3
-25 27 -7
-25 27 -6
-25 28 -10
-25 29 -14
-25 29 -13
-25 30 -17
-25 31 -21
-25 32 -25
-25 33 -29
-25 34 -33
-25 35 -38
-25 35 -37
-25 36 -42
-25 37 -47
-25 37 -46
-24 -37 -50
-24 -36 -45
-24 -35 -41
-24 -34 -36
-24 -33 -32
-24 -32 -28
-24 -31 -24
-24 -30 -20
-24 -29 -17
-24 -28 -13
-24 -27 -10
-24 -26 -6
-24 -25 -3
-24 -24 0
-24 -23 3
-24 -22 6
-24 -21 8
-24 -20 11
-24 -19 13
-24 -18 16
-24 -17 18
-24 -16 20
-24 -15 22
-24 -14 24
-24 -13 25
-24 -12 27
-24 -11 28
-24 -10 30
-24 -9 31
-24 -8 32
-24 -7 33
-24 -6 34
-24 -5 34
-24 -4 35
-24 -3 35
-24 -2 36
-24 -1 36
-24 0 36
-24 1 36
-24 2 36
-24 3 35
-24 4 35
-24 5 34
-24 6 34
-24 7 33
-24 8 32
-24 9 31
-24 10 30
-24 11 28
-24 12 27
-24 13 25
-24 14 24
-24 15 22
-24 16 20
-24 17 18
-24 18 16
-24 19 13
-24 20 11
-24 21 8
-24 22 6
-24 23 3
-24 24 0
-24 25 -3
-24 26 -6
-24 27 -10
-24 28 -13
-24 29 -17
-24 30 -20
-24 31 -24
-24 32 -28
-24 33 -32
-24 34 -36
-24 35 -41
-24 36 -45
-24 37 -50
-23 -36 -48
-23 -35 -44
-23 -35 -43
-23 -34 -39
-23 -33 -35
-23 -32 -31
-23 -31 -27
-23 -30 -23
-23 -29 -20
-23 -29 -19
-23 -28 -16
-23 -27 -13
-23 -27 -12
-23 -26 -9
-23 -25 -6
-23 -24 -3
-23 -23 0
-23 -22 3
-23 -21 5
-23 -21 6
-23 -20 8
-23 -19 10
-23 -19 11
-23 -18 13
-23 -17 15
-23 -16 17
-23 -15 19
-23 -14 21
-23 -13 22
-23 -13 23
-23 -12 24
-23 -11 25
-23 -11 26
-23 -10 27
-23 -9 28
-23 -8 29
-23 -7 30
-23 -6 31
-23 -5 31
-23 -5 32
-23 -4 32
-23 -3 32
-23 -3 33
-23 -2 33
-23 -1 33
-23 0 33
-23 1 33
-23 2 33
-23 3 32
-23 3 33
-23 4 32
-23 5 31
-23 5 32
-23 6 31
-23 7 30
-23 8 29
-23 9 28
-23 10 27
-23 11 25
-23 11 26
-23 12 24
-23 13 22
-23 13 23
-23 14 21
-23 15 19
-23 16 17
-23 17 15
-23 18 13
-23 19 10
-23 19 11
-23 20 8
-23 21 5
-23 21 6
-23 22 3
-23 23 0
-23 24 -3
-23 25 -6
-23 26 -9
-23 27 -13
-23 27 -12
-23 28 -16
-23 29 -20
-23 29 -19
-23 30 -23
-23 31 -27
-23 32 -31
-23 33 -35
-23 34 -39
-23 35 -44
-23 35 -43
-23 36 -48
-22 -35 -46
-22 -34 -42
-22 -33 -38
-22 -32 -34
-22 -31 -30
-22 -30 -26
-22 -29 -22
-22 -28 -19
-22 -27 -15
-22 -26 -12
-22 -25 -9
-22 -24 -6
-22 -23 -3
-22 -22 0
-22 -21 3
-22 -20 5
-22 -19 8
-22 -18 10
-22 -17 12
-22 -16 14
-22 -15 16
-22 -14 18
-22 -13 20
-22 -12 21
-22 -11 23
-22 -10 24
-22 -9 25
-22 -8 26
-22 -7 27
-22 -6 28
-22 -5 29
-22 -4 29
-22 -3 30
-22 -2 30
-22 -1 30
-22 0 30
-22 1 30
-22 2 30
-22 3 30
-22 4 29
-22 5 29
-22 6 28
-22 7 27
-22 8 26
-22 9 25
-22 10 24
-22 11 23
-22 12 21
-22 13 20
-22 14 18
-22 15 16
-22 16 14
-22 17 12
-22 18 10
-22 19 8
-22 20 5
-22 21 3
-22 22 0
-22 23 -3
-22 24 -6
-22 25 -9
-22 26 -12
-22 27 -15
-22 28 -19
-22 29 -22
-22 30 -26
-22 31 -30
-22 32 -34
-22 33 -38
-22 34 -42
-22 35 -46
-21 -35 -49
-21 -34 -45
-21 -33 -41
-21 -33 -40
-21 -32 -36
-21 -31 -33
-21 -31 -32
-21 -30 -29
-21 -29 -25
-21 -28 -21
-21 -27 -18
-21 -26 -15
-21 -25 -12
-21 -25 -11
-21 -24 -8
-21 -23 -6
-21 -23 -5
-21 -22 -3
-21 -21 0
-21 -20 3
-21 -19 5
-21 -18 7
-21 -17 9
-21 -17 10
-21 -16 12
-21 -15 13
-21 -15 14
-21 -14 15
-21 -13 17
-21 -12 19
-21 -11 20
-21 -10 21
-21 -9 22
-21 -9 23
-21 -8 24
-21 -7 24
-21 -7 25
-21 -6 25
-21 -5 26
-21 -4 27
-21 -3 27
-21 -2 27
-21 -1 27
-21 -1 28
-21 0 28
-21 1 27
-21 1 28
-21 2 27
-21 3 27
-21 4 27
-21 5 26
-21 6 25
-21 7 24
-21 7 25
-21 8 24
-21 9 22
-21 9 23
-21 10 21
-21 11 20
-21 12 19
-21 13 17
-21 14 15
-21 15 13
-21 15 14
-21 16 12
-21 17 9
-21 17 10
-21 18 7
-21 19 5
-21 20 3
-21 21 0
-21 22 -3
-21 23 -6
-21 23 -5
-21 24 -8
-21 25 -12
-21 25 -11
-21 26 -15
-21 27 -18
-21 28 -21
-21 29 -25
-21 30 -29
-21 31 -33
-21 31 -32
-21 32 -36
-21 33 -41
-21 33 -40
-21 34 -45
-21 35 -49
-20 -34 -47
-20 -33 -43
-20 -32 -39
-20 -31 -35
-20 -30 -31
-20 -29 -28
-20 -28 -24
-20 -27 -21
-20 -26 -17
-20 -25 -14
-20 -24 -11
-20 -23 -8
-20 -22 -5
-20 -21 -3
-20 -20 0
-20 -19 2
-20 -18 5
-20 -17 7
-20 -16 9
-20 -15 11
-20 -14 13
-20 -13 14
-20 -12 16
-20 -11 17
-20 -10 19
-20 -9 20
-20 -8 21
-20 -7 22
-20 -6 23
-20 -5 23
-20 -4 24
-20 -3 24
-20 -2 25
-20 -1 25
-20 0 25
-20 1 25
-20 2 25
-20 3 24
-20 4 24
-20 5 23
-20 6 23
-20 7 22
-20 8 21
-20 9 20
-20 10 19
-20 11 17
-20 12 16
-20 13 14
-20 14 13
-20 15 11
-20 16 9
-20 17 7
-20 18 5
-20 19 2
-20 20 0
-20 21 -3
-20 22 -5
-20 23 -8
-20 24 -11
-20 25 -14
-20 26 -17
-20 27 -21
-20 28 -24
-20 29 -28
-20 30 -31
-20 31 -35
-20 32 -39
-20 33 -43
-20 34 -47
-19 -34 -50
-19 -33 -46
-19 -33 -45
-19 -32 -41
-19 -31 -38
-19 -31 -37
-19 -30 -34
-19 -29 -30
-19 -28 -26
-19 -27 -23
-19 -26 -20
-19 -25 -17
-19 -25 -16
-19 -24 -13
-19 -23 -11
-19 -23 -10
-19 -22 -8
-19 -21 -5
-19 -20 -2
-19 -19 0
-19 -18 2
-19 -17 4
-19 -17 5
-19 -16 7
-19 -15 8
-19 -15 9
-19 -14 10
-19 -13 12
-19 -12 14
-19 -11 15
-19 -10 16
-19 -9 17
-19 -9 18
-19 -8 19
-19 -7 19
-19 -7 20
-19 -6 20
-19 -5 21
-19 -4 22
-19 -3 22
-19 -2 22
-19 -1 22
-19 -1 23
-19 0 23
-19 1 22
-19 1 23
-19 2 22
-19 3 22
-19 4 22
-19 5 21
-19 6 20
-19 7 19
-19 7 20
-19 8 19
-19 9 17
-19 9 18
-19 10 16
-19 11 15
-19 12 14
-19 13 12
-19 14 10
-19 15 8
-19 15 9
-19 16 7
-19 17 4
-19 17 5
-19 18 2
-19 19 0
-19 20 -2
-19 21 -5
-19 22 -8
-19 23 -11
-19 23 -10
-19 24 -13
-19 25 -17
-19 25 -16
-19 26 -20
-19 27 -23
-19 28 -26
-19 29 -30
-19 30 -34
-19 31 -38
-19 31 -37
-19 32 -41
-19 33 -46
-19 33 -45
-19 34 -50
-18 -33 -48
-18 -32 -44
-18 -31 -40
-18 -30 -36
-18 -29 -32
-18 -28 -29
-18 -27 -25
-18 -26 -22
-18 -25 -19
-18 -24 -16
-18 -23 -13
-18 -22 -10
-18 -21 -7
-18 -20 -5
-18 -19 -2
-18 -18 0
-18 -17 2
-18 -16 4
-18 -15 6
-18 -14 8
-18 -13 10
-18 -12 11
-18 -11 13
-18 -10 14
-18 -9 15
-18 -8 16
-18 -7 17
-18 -6 18
-18 -5 19
-18 -4 19
-18 -3 20
-18 -2 20
-18 -1 20
-18 0 20
-18 1 20
-18 2 20
-18 3 20
-18 4 19
-18 5 19
-18 6 18
-18 7 17
-18 8 16
-18 9 15
-18 10 14
-18 11 13
-18 12 11
-18 13 10
-18 14 8
-18 15 6
-18 16 4
-18 17 2
-18 18 0
-18 19 -2
-18 20 -5
-18 21 -7
-18 22 -10
-18 23 -13
-18 24 -16
-18 25 -19
-18 26 -22
-18 27 -25
-18 28 -29
-18 29 -32
-18 30 -36
-18 31 -40
-18 32 -44
-18 33 -48
-17 -33 -50
-17 -32 -46
-17 -31 -42
-17 -30 -38
-17 -29 -35
-17 -29 -34
-17 -28 -31
-17 -27 -28
-17 -27 -27
-17 -26 -24
-17 -25 -21
-17 -24 -18
-17 -23 -15
-17 -22 -12
-17 -21 -10
-17 -21 -9
-17 -20 -7
-17 -19 -5
-17 -19 -4
-17 -18 -2
-17 -17 0
-17 -16 2
-17 -15 4
-17 -14 6
-17 -13 7
-17 -13 8
-17 -12 9
-17 -11 10
-17 -11 11
-17 -10 12
-17 -9 13
-17 -8 14
-17 -7 15
-17 -6 16
-17 -5 16
-17 -5 17
-17 -4 17
-17 -3 17
-17 -3 18
-17 -2 18
-17 -1 18
-17 0 18
-17 1 18
-17 2 18
-17 3 17
-17 3 18
-17 4 17
-17 5 16
-17 5 17
-17 6 16
-17 7 15
-17 8 14
-17 9 13
-17 10 12
-17 11 10
-17 11 11
-17 12 9
-17 13 7
-17 13 8
-17 14 6
-17 15 4
-17 16 2
-17 17 0
-17 18 -2
-17 19 -5
-17 19 -4
-17 20 -7
-17 21 -10
-17 21 -9
-17 22 -12
-17 23 -15
-17 24 -18
-17 25 -21
-17 26 -24
-17 27 -28
-17 27 -27
-17 28 -31
-17 29 -35
-17 29 -34
-17 30 -38
-17 31 -42
-17 32 -46
-17 33 -50
-16 -32 -48
-16 -31 -44
-16 -30 -40
-16 -29 -37
-16 -28 -33
-16 -27 -30
-16 -26 -26
-16 -25 -23
-16 -24 -20
-16 -23 -17
-16 -22 -14
-16 -21 -12
-16 -20 -9
-16 -19 -7
-16 -18 -4
-16 -17 -2
-16 -16 0
-16 -15 2
-16 -14 4
-16 -13 5
-16 -12 7
-16 -11 8
-16 -10 10
-16 -9 11
-16 -8 12
-16 -7 13
-16 -6 14
-16 -5 14
-16 -4 15
-16 -3 15
-16 -2 16
-16 -1 16
-16 0 16
-16 1 16
-16 2 16
-16 3 15
-16 4 15
-16 5 14
-16 6 14
-16 7 13
-16 8 12
-16 9 11
-16 10 10
-16 11 8
-16 12 7
-16 13 5
-16 14 4
-16 15 2
-16 16 0
-16 17 -2
-16 18 -4
-16 19 -7
-16 20 -9
-16 21 -12
-16 22 -14
-16 23 -17
-16 24 -20
-16 25 -23
-16 26 -26
-16 27 -30
-16 28 -33
-16 29 -37
-16 30 -40
-16 31 -44
-16 32 -48
-15 -32 -50
-15 -31 -46
-15 -30 -42
-15 -29 -39
-15 -29 -38
-15 -28 -35
-15 -27 -32
-15 -27 -31
-15 -26 -28
-15 -25 -25
-15 -24 -22
-15 -23 -19
-15 -22 -16
-15 -21 -14
-15 -21 -13
-15 -20 -11
-15 -19 -9
-15 -19 -8
-15 -18 -6
-15 -17 -4
-15 -16 -2
-15 -15 0
-15 -14 2
-15 -13 3
-15 -13 4
-15 -12 5
-15 -11 6
-15 -11 7
-15 -10 8
-15 -9 9
-15 -8 10
-15 -7 11
-15 -6 12
-15 -5 12
-15 -5 13
-15 -4 13
-15 -3 13
-15 -3 14
-15 -2 14
-15 -1 14
-15 0 14
-15 1 14
-15 2 14
-15 3 13
-15 3 14
-15 4 13
-15 5 12
-15 5 13
-15 6 12
-15 7 11
-15 8 10
-15 9 9
-15 10 8
-15 11 6
-15 11 7
-15 12 5
-15 13 3
-15 13 4
-15 14 2
-15 15 0
-15 16 -2
-15 17 -4
-15 18 -6
-15 19 -9
-15 19 -8
-15 20 -11
-15 21 -14
-15 21 -13
-15 22 -16
-15 23 -19
-15 24 -22
-15 25 -25
-15 26 -28
-15 27 -32
-15 27 -31
-15 28 -35
-15 29 -39
-15 29 -38
-15 30 -42
-15 31 -46
-15 32 -50
-14 -31 -48
-14 -30 -44
-14 -29 -40
-14 -28 -37
-14 -27 -33
-14 -26 -30
-14 -25 -27
-14 -24 -24
-14 -23 -21
-14 -22 -18
-14 -21 -15
-14 -20 -13
-14 -19 -10
-14 -18 -8
-14 -17 -6
-14 -16 -4
-14 -15 -2
-14 -14 0
-14 -13 2
-14 -12 3
-14 -11 5
-14 -10 6
-14 -9 7
-14 -8 8
-14 -7 9
-14 -6 10
-14 -5 11
-14 -4 11
-14 -3 12
-14 -2 12
-14 -1 12
-14 0 12
-14 1 12
-14 2 12
-14 3 12
-14 4 11
-14 5 11
-14 6 10
-14 7 9
-14 8 8
-14 9 7
-14 10 6
-14 11 5
-14 12 3
-14 13 2
-14 14 0
-14 15 -2
-14 16 -4
-14 17 -6
-14 18 -8
-14 19 -10
-14 20 -13
-14 21 -15
-14 22 -18
-14 23 -21
-14 24 -24
-14 25 -27
-14 26 -30
-14 27 -33
-14 28 -37
-14 29 -40
-14 30 -44
-14 31 -48
-13 -31 -50
-13 -31 -49
-13 -30 -46
-13 -29 -42
-13 -28 -38
-13 -27 -35
-13 -26 -32
-13 -25 -29
-13 -25 -28
-13 -24 -25
-13 -23 -23
-13 -23 -22
-13 -22 -20
-13 -21 -17
-13 -20 -14
-13 -19 -12
-13 -18 -10
-13 -17 -8
-13 -17 -7
-13 -16 -5
-13 -15 -4
-13 -15 -3
-13 -14 -2
-13 -13 0
-13 -12 2
-13 -11 3
-13 -10 4
-13 -9 5
-13 -9 6
-13 -8 7
-13 -7 7
-13 -7 8
-13 -6 8
-13 -5 9
-13 -4 10
-13 -3 10
-13 -2 10
-13 -1 10
-13 -1 11
-13 0 11
-13 1 10
-13 1 11
-13 2 10
-13 3 10
-13 4 10
-13 5 9
-13 6 8
-13 7 7
-13 7 8
-13 8 7
-13 9 5
-13 9 6
-13 10 4
-13 11 3
-13 12 2
-13 13 0
-13 14 -2
-13 15 -4
-13 15 -3
-13 16 -5
-13 17 -8
-13 17 -7
-13 18 -10
-13 19 -12
-13 20 -14
-13 21 -17
-13 22 -20
-13 23 -23
-13 23 -22
-13 24 -25
-13 25 -29
-13 25 -28
-13 26 -32
-13 27 -35
-13 28 -38
-13 29 -42
-13 30 -46
-13 31 -50
-13 31 -49
-12 -30 -47
-12 -29 -44
-12 -28 -40
-12 -27 -37
-12 -26 -33
-12 -25 -30
-12 -24 -27
-12 -23 -24
-12 -22 -21
-12 -21 -19
-12 -20 -16
-12 -19 -14
-12 -18 -11
-12 -17 -9
-12 -16 -7
-12 -15 -5
-12 -14 -3
-12 -13 -2
-12 -12 0
-12 -11 1
-12 -10 3
-12 -9 4
-12 -8 5
-12 -7 6
-12 -6 7
-12 -5 7
-12 -4 8
-12 -3 8
-12 -2 9
-12 -1 9
-12 0 9
-12 1 9
-12 2 9
-12 3 8
-12 4 8
-12 5 7
-12 6 7
-12 7 6
-12 8 5
-12 9 4
-12 10 3
-12 11 1
-12 12 0
-12 13 -2
-12 14 -3
-12 15 -5
-12 16 -7
-12 17 -9
-12 18 -11
-12 19 -14
-12 20 -16
-12 21 -19
-12 22 -21
-12 23 -24
-12 24 -27
-12 25 -30
-12 26 -33
-12 27 -37
-12 28 -40
-12 29 -44
-12 30 -47
-11 -30 -49
-11 -29 -45
-11 -28 -41
-11 -27 -38
-11 -26 -35
-11 -25 -32
-11 -25 -31
-11 -24 -28
-11 -23 -26
-11 -23 -25
-11 -22 -23
-11 -21 -20
-11 -20 -17
-11 -19 -15
-11 -18 -13
-11 -17 -11
-11 -17 -10
-11 -16 -8
-11 -15 -7
-11 -15 -6
-11 -14 -5
-11 -13 -3
-11 -12 -1
-11 -11 0
-11 -10 1
-11 -9 2
-11 -9 3
-11 -8 4
-11 -7 4
-11 -7 5
-11 -6 5
-11 -5 6
-11 -4 7
-11 -3 7
-11 -2 7
-11 -1 7
-11 -1 8
-11 0 8
-11 1 7
-11 1 8
-11 2 7
-11 3 7
-11 4 7
-11 5 6
-11 6 5
-11 7 4
-11 7 5
-11 8 4
-11 9 2
-11 9 3
-11 10 1
-11 11 0
-11 12 -1
-11 13 -3
-11 14 -5
-11 15 -7
-11 15 -6
-11 16 -8
-11 17 -11
-11 17 -10
-11 18 -13
-11 19 -15
-11 20 -17
-11 21 -20
-11 22 -23
-11 23 -26
-11 23 -25
-11 24 -28
-11 25 -32
-11 25 -31
-11 26 -35
-11 27 -38
-11 28 -41
-11 29 -45
-11 30 -49
-10 -30 -50
-10 -29 -46
-10 -28 -43
-10 -27 -39
-10 -26 -36
-10 -25 -33
-10 -24 -30
-10 -23 -27
-10 -22 -24
-10 -21 -21
-10 -20 -19
-10 -19 -16
-10 -18 -14
-10 -17 -12
-10 -16 -10
-10 -15 -8
-10 -14 -6
-10 -13 -4
-10 -12 -3
-10 -11 -1
-10 -10 0
-10 -9 1
-10 -8 2
-10 -7 3
-10 -6 4
-10 -5 5
-10 -4 5
-10 -3 6
-10 -2 6
-10 -1 6
-10 0 6
-10 1 6
-10 2 6
-10 3 6
-10 4 5
-10 5 5
-10 6 4
-10 7 3
-10 8 2
-10 9 1
-10 10 0
-10 11 -1
-10 12 -3
-10 13 -4
-10 14 -6
-10 15 -8
-10 16 -10
-10 17 -12
-10 18 -14
-10 19 -16
-10 20 -19
-10 21 -21
-10 22 -24
-10 23 -27
-10 24 -30
-10 25 -33
-10 26 -36
-10 27 -39
-10 28 -43
-10 29 -46
-10 30 -50
-9 -29 -48
-9 -29 -47
-9 -28 -44
-9 -27 -41
-9 -27 -40
-9 -26 -37
-9 -25 -34
-9 -24 -31
-9 -23 -28
-9 -22 -25
-9 -21 -23
-9 -21 -22
-9 -20 -20
-9 -19 -18
-9 -19 -17
-9 -18 -15
-9 -17 -13
-9 -16 -11
-9 -15 -9
-9 -14 -7
-9 -13 -6
-9 -13 -5
-9 -12 -4
-9 -11 -3
-9 -11 -2
-9 -10 -1
-9 -9 0
-9 -8 1
-9 -7 2
-9 -6 3
-9 -5 3
-9 -5 4
-9 -4 4
-9 -3 4
-9 -3 5
-9 -2 5
-9 -1 5
-9 0 5
-9 1 5
-9 2 5
-9 3 4
-9 3 5
-9 4 4
-9 5 3
-9 5 4
-9 6 3
-9 7 2
-9 8 1
-9 9 0
-9 10 -1
-9 11 -3
-9 11 -2
-9 12 -4
-9 13 -6
-9 13 -5
-9 14 -7
-9 15 -9
-9 16 -11
-9 17 -13
-9 18 -15
-9 19 -18
-9 19 -17
-9 20 -20
-9 21 -23
-9 21 -22
-9 22 -25
-9 23 -28
-9 24 -31
-9 25 -34
-9 26 -37
-9 27 -41
-9 27 -40
-9 28 -44
-9 29 -48
-9 29 -47
-8 -29 -49
-8 -28 -45
-8 -27 -42
-8 -26 -38
-8 -25 -35
-8 -24 -32
-8 -23 -29
-8 -22 -26
-8 -21 -24
-8 -20 -21
-8 -19 -19
-8 -18 -16
-8 -17 -14
-8 -16 -12
-8 -15 -10
-8 -14 -8
-8 -13 -7
-8 -12 -5
-8 -11 -4
-8 -10 -2
-8 -9 -1
-8 -8 0
-8 -7 1
-8 -6 2
-8 -5 2
-8 -4 3
-8 -3 3
-8 -2 4
-8 -1 4
-8 0 4
-8 1 4
-8 2 4
-8 3 3
-8 4 3
-8 5 2
-8 6 2
-8 7 1
-8 8 0
-8 9 -1
-8 10 -2
-8 11 -4
-8 12 -5
-8 13 -7
-8 14 -8
-8 15 -10
-8 16 -12
-8 17 -14
-8 18 -16
-8 19 -19
-8 20 -21
-8 21 -24
-8 22 -26
-8 23 -29
-8 24 -32
-8 25 -35
-8 26 -38
-8 27 -42
-8 28 -45
-8 29 -49
-7 -29 -50
-7 -29 -49
-7 -28 -46
-7 -27 -43
-7 -27 -42
-7 -26 -39
-7 -25 -36
-7 -24 -33
-7 -23 -30
-7 -22 -27
-7 -21 -25
-7 -21 -24
-7 -20 -22
-7 -19 -20
-7 -19 -19
-7 -18 -17
-7 -17 -15
-7 -16 -13
-7 -15 -11
-7 -14 -9
-7 -13 -8
-7 -13 -7
-7 -12 -6
-7 -11 -5
-7 -11 -4
-7 -10 -3
-7 -9 -2
-7 -8 -1
-7 -7 0
-7 -6 1
-7 -5 1
-7 -5 2
-7 -4 2
-7 -3 2
-7 -3 3
-7 -2 3
-7 -1 3
-7 0 3
-7 1 3
-7 2 3
-7 3 2
-7 3 3
-7 4 2
-7 5 1
-7 5 2
-7 6 1
-7 7 0
-7 8 -1
-7 9 -2
-7 10 -3
-7 11 -5
-7 11 -4
-7 12 -6
-7 13 -8
-7 13 -7
-7 14 -9
-7 15 -11
-7 16 -13
-7 17 -15
-7 18 -17
-7 19 -20
-7 19 -19
-7 20 -22
-7 21 -25
-7 21 -24
-7 22 -27
-7 23 -30
-7 24 -33
-7 25 -36
-7 26 -39
-7 27 -43
-7 27 -42
-7 28 -46
-7 29 -50
-7 29 -49
-6 -29 -50
-6 -28 -47
-6 -27 -43
-6 -26 -40
-6 -25 -37
-6 -24 -34
-6 -23 -31
-6 -22 -28
-6 -21 -25
-6 -20 -23
-6 -19 -20
-6 -18 -18
-6 -17 -16
-6 -16 -14
-6 -15 -12
-6 -14 -10
-6 -13 -8
-6 -12 -7
-6 -11 -5
-6 -10 -4
-6 -9 -3
-6 -8 -2
-6 -7 -1
-6 -6 0
-6 -5 1
-6 -4 1
-6 -3 2
-6 -2 2
-6 -1 2
-6 0 2
-6 1 2
-6 2 2
-6 3 2
-6 4 1
-6 5 1
-6 6 0
-6 7 -1
-6 8 -2
-6 9 -3
-6 10 -4
-6 11 -5
-6 12 -7
-6 13 -8
-6 14 -10
-6 15 -12
-6 16 -14
-6 17 -16
-6 18 -18
-6 19 -20
-6 20 -23
-6 21 -25
-6 22 -28
-6 23 -31
-6 24 -34
-6 25 -37
-6 26 -40
-6 27 -43
-6 28 -47
-6 29 -50
-5 -28 -47
-5 -27 -44
-5 -26 -41
-5 -25 -38
-5 -25 -37
-5 -24 -34
-5 -23 -32
-5 -23 -31
-5 -22 -29
-5 -21 -26
-5 -20 -23
-5 -19 -21
-5 -18 -19
-5 -17 -17
-5 -17 -16
-5 -16 -14
-5 -15 -13
-5 -15 -12
-5 -14 -11
-5 -13 -9
-5 -12 -7
-5 -11 -6
-5 -10 -5
-5 -9 -4
-5 -9 -3
-5 -8 -2
-5 -7 -2
-5 -7 -1
-5 -6 -1
-5 -5 0
-5 -4 1
-5 -3 1
-5 -2 1
-5 -1 1
-5 -1 2
-5 0 2
-5 1 1
-5 1 2
-5 2 1
-5 3 1
-5 4 1
-5 5 0
-5 6 -1
-5 7 -2
-5 7 -1
-5 8 -2
-5 9 -4
-5 9 -3
-5 10 -5
-5 11 -6
-5 12 -7
-5 13 -9
-5 14 -11
-5 15 -13
-5 15 -12
-5 16 -14
-5 17 -17
-5 17 -16
-5 18 -19
-5 19 -21
-5 20 -23
-5 21 -26
-5 22 -29
-5 23 -32
-5 23 -31
-5 24 -34
-5 25 -38
-5 25 -37
-5 26 -41
-5 27 -44
-5 28 -47
-4 -28 -48
-4 -27 -45
-4 -26 -41
-4 -25 -38
-4 -24 -35
-4 -23 -32
-4 -22 -29
-4 -21 -27
-4 -20 -24
-4 -19 -22
-4 -18 -19
-4 -17 -17
-4 -16 -15
-4 -15 -13
-4 -14 -11
-4 -13 -10
-4 -12 -8
-4 -11 -7
-4 -10 -5
-4 -9 -4
-4 -8 -3
-4 -7 -2
-4 -6 -1
-4 -5 -1
-4 -4 0
-4 -3 0
-4 -2 1
-4 -1 1
-4 0 1
-4 1 1
-4 2 1
-4 3 0
-4 4 0
-4 5 -1
-4 6 -1
-4 7 -2
-4 8 -3
-4 9 -4
-4 10 -5
-4 11 -7
-4 12 -8
-4 13 -10
-4 14 -11
-4 15 -13
-4 16 -15
-4 17 -17
-4 18 -19
-4 19 -22
-4 20 -24
-4 21 -27
-4 22 -29
-4 23 -32
-4 24 -35
-4 25 -38
-4 26 -41
-4 27 -45
-4 28 -48
-3 -28 -48
-3 -27 -45
-3 -26 -42
-3 -25 -39
-3 -25 -38
-3 -24 -35
-3 -23 -33
-3 -23 -32
-3 -22 -30
-3 -21 -27
-3 -20 -24
-3 -19 -22
-3 -18 -20
-3 -17 -18
-3 -17 -17
-3 -16 -15
-3 -15 -14
-3 -15 -13
-3 -14 -12
-3 -13 -10
-3 -12 -8
-3 -11 -7
-3 -10 -6
-3 -9 -5
-3 -9 -4
-3 -8 -3
-3 -7 -3
-3 -7 -2
-3 -6 -2
-3 -5 -1
-3 -4 0
-3 -3 0
-3 -2 0
-3 -1 0
-3 -1 1
-3 0 1
-3 1 0
-3 1 1
-3 2 0
-3 3 0
-3 4 0
-3 5 -1
-3 6 -2
-3 7 -3
-3 7 -2
-3 8 -3
-3 9 -5
-3 9 -4
-3 10 -6
-3 11 -7
-3 12 -8
-3 13 -10
-3 14 -12
-3 15 -14
-3 15 -13
-3 16 -15
-3 17 -18
-3 17 -17
-3 18 -20
-3 19 -22
-3 20 -24
-3 21 -27
-3 22 -30
-3 23 -33
-3 23 -32
-3 24 -35
-3 25 -39
-3 25 -38
-3 26 -42
-3 27 -45
-3 28 -48
-2 -28 -49
-2 -27 -45
-2 -26 -42
-2 -25 -39
-2 -24 -36
-2 -23 -33
-2 -22 -30
-2 -21 -27
-2 -20 -25
-2 -19 -22
-2 -18 -20
-2 -17 -18
-2 -16 -16
-2 -15 -14
-2 -14 -12
-2 -13 -10
-2 -12 -9
-2 -11 -7
-2 -10 -6
-2 -9 -5
-2 -8 -4
-2 -7 -3
-2 -6 -2
-2 -5 -1
-2 -4 -1
-2 -3 0
-2 -2 0
-2 -1 0
-2 0 0
-2 1 0
-2 2 0
-2 3 0
-2 4 -1
-2 5 -1
-2 6 -2
-2 7 -3
-2 8 -4
-2 9 -5
-2 10 -6
-2 11 -7
-2 12 -9
-2 13 -10
-2 14 -12
-2 15 -14
-2 16 -16
-2 17 -18
-2 18 -20
-2 19 -22
-2 20 -25
-2 21 -27
-2 22 -30
-2 23 -33
-2 24 -36
-2 25 -39
-2 26 -42
-2 27 -45
-2 28 -49
-1 -28 -49
-1 -27 -46
-1 -27 -45
-1 -26 -42
-1 -25 -39
-1 -24 -36
-1 -23 -33
-1 -22 -30
-1 -21 -28
-1 -21 -27
-1 -20 -25
-1 -19 -23
-1 -19 -22
-1 -18 -20
-1 -17 -18
-1 -16 -16
-1 -15 -14
-1 -14 -12
-1 -13 -11
-1 -13 -10
-1 -12 -9
-1 -11 -8
-1 -11 -7
-1 -10 -6
-1 -9 -5
-1 -8 -4
-1 -7 -3
-1 -6 -2
-1 -5 -2
-1 -5 -1
-1 -4 -1
-1 -3 -1
-1 -3 0
-1 -2 0
-1 -1 0
-1 0 0
-1 1 0
-1 2 0
-1 3 -1
-1 3 0
-1 4 -1
-1 5 -2
-1 5 -1
-1 6 -2
-1 7 -3
-1 8 -4
-1 9 -5
-1 10 -6
-1 11 -8
-1 11 -7
-1 12 -9
-1 13 -11
-1 13 -10
-1 14 -12
-1 15 -14
-1 16 -16
-1 17 -18
-1 18 -20
-1 19 -23
-1 19 -22
-1 20 -25
-1 21 -28
-1 21 -27
-1 22 -30
-1 23 -33
-1 24 -36
-1 25 -39
-1 26 -42
-1 27 -46
-1 27 -45
-1 28 -49
0 -28 -49
0 -27 -46
0 -26 -42
0 -25 -39
0 -24 -36
0 -23 -33
0 -22 -30
0 -21 -28
0 -20 -25
0 -19 -23
0 -18 -20
0 -17 -18
0 -16 -16
0 -15 -14
0 -14 -12
0 -13 -11
0 -12 -9
0 -11 -8
0 -10 -6
0 -9 -5
0 -8 -4
0 -7 -3
0 -6 -2
0 -5 -2
0 -4 -1
0 -3 -1
0 -2 0
0 -1 0
0 0 0
0 1 0
0 2 0
0 3 -1
0 4 -1
0 5 -2
0 6 -2
0 7 -3
0 8 -4
0 9 -5
0 10 -6
0 11 -8
0 12 -9
0 13 -11
0 14 -12
0 15 -14
0 16 -16
0 17 -18
0 18 -20
0 19 -23
0 20 -25
0 21 -28
0 22 -30
0 23 -33
0 24 -36
0 25 -39
0 26 -42
0 27 -46
0 28 -49
1 -28 -49
1 -27 -46
1 -27 -45
1 -26 -42
1 -25 -39
1 -24 -36
1 -23 -33
1 -22 -30
1 -21 -28
1 -21 -27
1 -20 -25
1 -19 -23
1 -19 -22
1 -18 -20
1 -17 -18
1 -16 -16
1 -15 -14
1 -14 -12
1 -13 -11
1 -13 -10
1 -12 -9
1 -11 -8
1 -11 -7
1 -10 -6
1 -9 -5
1 -8 -4
1 -7 -3
1 -6 -2
1 -5 -2
1 -5 -1
1 -4 -1
1 -3 -1
1 -3 0
1 -2 0
1 -1 0
1 0 0
1 1 0
1 2 0
1 3 -1
1 3 0
1 4 -1
1 5 -2
1 5 -1
1 6 -2
1 7 -3
1 8 -4
1 9 -5
1 10 -6
1 11 -8
1 11 -7
1 12 -9
1 13 -11
1 13 -10
1 14 -12
1 15 -14
1 16 -16
1 17 -18
1 18 -20
1 19 -23
1 19 -22
1 20 -25
1 21 -28
1 21 -27
1 22 -30
1 23 -33
1 24 -36
1 25 -39
1 26 -42
1 27 -46
1 27 -45
1 28 -49
2 -28 -49
2 -27 -45
2 -26 -42
2 -25 -39
2 -24 -36
2 -23 -33
2 -22 -30
2 -21 -27
2 -20 -25
2 -19 -22
2 -18 -20
2 -17 -18
2 -16 -16
2 -15 -14
2 -14 -12
2 -13 -10
2 -12 -9
2 -11 -7
2 -10 -6
2 -9 -5
2 -8 -4
2 -7 -3
2 -6 -2
2 -5 -1
2 -4 -1
2 -3 0
2 -2 0
2 -1 0
2 0 0
2 1 0
2 2 0
2 3 0
2 4 -1
2 5 -1
2 6 -2
2 7 -3
2 8 -4
2 9 -5
2 10 -6
2 11 -7
2 12 -9
2 13 -10
2 14 -12
2 15 -14
2 16 -16
2 17 -18
2 18 -20
2 19 -22
2 20 -25
2 21 -27
2 22 -30
2 23 -33
2 24 -36
2 25 -39
2 26 -42
2 27 -45
2 28 -49
3 -28 -48
3 -27 -45
3 -26 -42
3 -25 -39
3 -25 -38
3 -24 -35
3 -23 -33
3 -23 -32
3 -22 -30
3 -21 -27
3 -20 -24
3 -19 -22
3 -18 -20
3 -17 -18
3 -17 -17
3 -16 -15
3 -15 -14
3 -15 -13
3 -14 -12
3 -13 -10
3 -12 -8
3 -11 -7
3 -10 -6
3 -9 -5
3 -9 -4
3 -8 -3
3 -7 -3
3 -7 -2
3 -6 -2
3 -5 -1
3 -4 0
3 -3 0
3 -2 0
3 -1 0
3 -1 1
3 0 1
3 1 0
3 1 1
3 2 0
3 3 0
3 4 0
3 5 -1
3 6 -2
3 7 -3
3 7 -2
3 8 -3
3 9 -5
3 9 -4
3 10 -6
3 11 -7
3 12 -8
3 13 -10
3 14 -12
3 15 -14
3 15 -13
3 16 -15
3 17 -18
3 17 -17
3 18 -20
3 19 -22
3 20 -24
3 21 -27
3 22 -30
3 23 -33
3 23 -32
3 24 -35
3 25 -39
3 25 -38
3 26 -42
3 27 -45
3 28 -48
4 -28 -48
4 -27 -45
4 -26 -41
4 -25 -38
4 -24 -35
4 -23 -32
4 -22 -29
4 -21 -27
4 -20 -24
4 -19 -22
4 -18 -19
4 -17 -17
4 -16 -15
4 -15 -13
4 -14 -11
4 -13 -10
4 -12 -8
4 -11 -7
4 -10 -5
4 -9 -4
4 -8 -3
4 -7 -2
4 -6 -1
4 -5 -1
4 -4 0
4 -3 0
4 -2 1
4 -1 1
4 0 1
4 1 1
4 2 1
4 3 0
4 4 0
4 5 -1
4 6 -1
4 7 -2
4 8 -3
4 9 -4
4 10 -5
4 11 -7
4 12 -8
4 13 -10
4 14 -11
4 15 -13
4 16 -15
4 17 -17
4 18 -19
4 19 -22
4 20 -24
4 21 -27
4 22 -29
4 23 -32
4 24 -35
4 25 -38
4 26 -41
4 27 -45
4 28 -48
5 -28 -47
5 -27 -44
5 -26 -41
5 -25 -38
5 -25 -37
5 -24 -34
5 -23 -32
5 -23 -31
5 -22 -29
5 -21 -26
5 -20 -23
5 -19 -21
5 -18 -19
5 -17 -17
5 -17 -16
5 -16 -14
5 -15 -13
5 -15 -12
5 -14 -11
5 -13 -9
5 -12 -7
5 -11 -6
5 -10 -5
5 -9 -4
5 -9 -3
5 -8 -2
5 -7 -2
5 -7 -1
5 -6 -1
5 -5 0
5 -4 1
5 -3 1
5 -2 1
5 -1 1
5 -1 2
5 0 2
5 1 1
5 1 2
5 2 1
5 3 1
5 4 1
5 5 0
5 6 -1
5 7 -2
5 7 -1
5 8 -2
5 9 -4
5 9 -3
5 10 -5
5 11 -6
5 12 -7
5 13 -9
5 14 -11
5 15 -13
5 15 -12
5 16 -14
5 17 -17
5 17 -16
5 18 -19
5 19 -21
5 20 -23
5 21 -26
5 22 -29
5 23 -32
5 23 -31
5 24 -34
5 25 -38
5 25 -37
5 26 -41
5 27 -44
5 28 -47
6 -29 -50
6 -28 -47
6 -27 -43
6 -26 -40
6 -25 -37
6 -24 -34
6 -23 -31
6 -22 -28
6 -21 -25
6 -20 -23
6 -19 -20
6 -18 -18
6 -17 -16
6 -16 -14
6 -15 -12
6 -14 -10
6 -13 -8
6 -12 -7
6 -11 -5
6 -10 -4
6 -9 -3
6 -8 -2
6 -7 -1
6 -6 0
6 -5 1
6 -4 1
6 -3 2
6 -2 2
6 -1 2
6 0 2
6 1 2
6 2 2
6 3 2
6 4 1
6 5 1
6 6 0
6 7 -1
6 8 -2
6 9 -3
6 10 -4
6 11 -5
6 12 -7
6 13 -8
6 14 -10
6 15 -12
6 16 -14
6 17 -16
6 18 -18
6 19 -20
6 20 -23
6 21 -25
6 22 -28
6 23 -31
6 24 -34
6 25 -37
6 26 -40
6 27 -43
6 28 -47
6 29 -50
7 -29 -50
7 -29 -49
7 -28 -46
7 -27 -43
7 -27 -42
7 -26 -39
7 -25 -36
7 -24 -33
7 -23 -30
7 -22 -27
7 -21 -25
7 -21 -24
7 -20 -22
7 -19 -20
7 -19 -19
7 -18 -17
7 -17 -15
7 -16 -13
7 -15 -11
7 -14 -9
7 -13 -8
7 -13 -7
7 -12 -6
7 -11 -5
7 -11 -4
7 -10 -3
7 -9 -2
7 -8 -1
7 -7 0
7 -6 1
7 -5 1
7 -5 2
7 -4 2
7 -3 2
7 -3 3
7 -2 3
7 -1 3
7 0 3
7 1 3
7 2 3
7 3 2
7 3 3
7 4 2
7 5 1
7 5 2
7 6 1
7 7 0
7 8 -1
7 9 -2
7 10 -3
7 11 -5
7 11 -4
7 12 -6
7 13 -8
7 13 -7
7 14 -9
7 15 -11
7 16 -13
7 17 -15
7 18 -17
7 19 -20
7 19 -19
7 20 -22
7 21 -25
7 21 -24
7 22 -27
7 23 -30
7 24 -33
7 25 -36
7 26 -39
7 27 -43
7 27 -42
7 28 -46
7 29 -50
7 29 -49
8 -29 -49
8 -28 -45
8 -27 -42
8 -26 -38
8 -25 -35
8 -24 -32
8 -23 -29
8 -22 -26
8 -21 -24
8 -20 -21
8 -19 -19
8 -18 -16
8 -17 -14
8 -16 -12
8 -15 -10
8 -14 -8
8 -13 -7
8 -12 -5
8 -11 -4
8 -10 -2
8 -9 -1
8 -8 0
8 -7 1
8 -6 2
8 -5 2
8 -4 3
8 -3 3
8 -2 4
8 -1 4
8 0 4
8 1 4
8 2 4
8 3 3
8 4 3
8 5 2
8 6 2
8 7 1
8 8 0
8 9 -1
8 10 -2
8 11 -4
8 12 -5
8 13 -7
8 14 -8
8 15 -10
8 16 -12
8 17 -14
8 18 -16
8 19 -19
8 20 -21
8 21 -24
8 22 -26
8 23 -29
8 24 -32
8 25 -35
8 26 -38
8 27 -42
8 28 -45
8 29 -49
9 -29 -48
9 -29 -47
9 -28 -44
9 -27 -41
9 -27 -40
9 -26 -37
9 -25 -34
9 -24 -31
9 -23 -28
9 -22 -25
9 -21 -23
9 -21 -22
9 -20 -20
9 -19 -18
9 -19 -17
9 -18 -15
9 -17 -13
9 -16 -11
9 -15 -9
9 -14 -7
9 -13 -6
9 -13 -5
9 -12 -4
9 -11 -3
9 -11 -2
9 -10 -1
9 -9 0
9 -8 1
9 -7 2
9 -6 3
9 -5 3
9 -5 4
9 -4 4
9 -3 4
9 -3 5
9 -2 5
9 -1 5
9 0 5
9 1 5
9 2 5
9 3 4
9 3 5
9 4 4
9 5 3
9 5 4
9 6 3
9 7 2
9 8 1
9 9 0
9 10 -1
9 11 -3
9 11 -2
9 12 -4
9 13 -6
9 13 -5
9 14 -7
9 15 -9
9 16 -11
9 17 -13
9 18 -15
9 19 -18
9 19 -17
9 20 -20
9 21 -23
9 21 -22
9 22 -25
9 23 -28
9 24 -31
9 25 -34
9 26 -37
9 27 -41
9 27 -40
9 28 -44
9 29 -48
9 29 -47
10 -30 -50
10 -29 -46
10 -28 -43
10 -27 -39
10 -26 -36
10 -25 -33
10 -24 -30
10 -23 -27
10 -22 -24
10 -21 -21
10 -20 -19
10 -19 -16
10 -18 -14
10 -17 -12
10 -16 -10
10 -15 -8
10 -14 -6
10 -13 -4
10 -12 -3
10 -11 -1
10 -10 0
10 -9 1
10 -8 2
10 -7 3
10 -6 4
10 -5 5
10 -4 5
10 -3 6
10 -2 6
10 -1 6
10 0 6
10 1 6
10 2 6
10 3 6
10 4 5
10 5 5
10 6 4
10 7 3
10 8 2
10 9 1
10 10 0
10 11 -1
10 12 -3
10 13 -4
10 14 -6
10 15 -8
10 16 -10
10 17 -12
10 18 -14
10 19 -16
10 20 -19
10 21 -21
10 22 -24
10 23 -27
10 24 -30
10 25 -33
10 26 -36
10 27 -39
10 28 -43
10 29 -46
10 30 -50
11 -30 -49
11 -29 -45
11 -28 -41
11 -27 -38
11 -26 -35
11 -25 -32
11 -25 -31
11 -24 -28
11 -23 -26
11 -23 -25
11 -22 -23
11 -21 -20
11 -20 -17
11 -19 -15
11 -18 -13
11 -17 -11
11 -17 -10
11 -16 -8
11 -15 -7
11 -15 -6
11 -14 -5
11 -13 -3
11 -12 -1
11 -11 0
11 -10 1
11 -9 2
11 -9 3
11 -8 4
11 -7 4
11 -7 5
11 -6 5
11 -5 6
11 -4 7
11 -3 7
11 -2 7
11 -1 7
11 -1 8
11 0 8
11 1 7
11 1 8
11 2 7
11 3 7
11 4 7
11 5 6
11 6 5
11 7 4
11 7 5
11 8 4
11 9 2
11 9 3
11 10 1
11 11 0
11 12 -1
11 13 -3
11 14 -5
11 15 -7
11 15 -6
11 16 -8
11 17 -11
11 17 -10
11 18 -13
11 19 -15
11 20 -17
11 21 -20
11 22 -23
11 23 -26
11 23 -25
11 24 -28
11 25 -32
11 25 -31
11 26 -35
11 27 -38
11 28 -41
11 29 -45
11 30 -49
12 -30 -47
12 -29 -44
12 -28 -40
12 -27 -37
12 -26 -33
12 -25 -30
12 -24 -27
12 -23 -24
12 -22 -21
12 -21 -19
12 -20 -16
12 -19 -14
12 -18 -11
12 -17 -9
12 -16 -7
12 -15 -5
12 -14 -3
12 -13 -2
12 -12 0
12 -11 1
12 -10 3
12 -9 4
12 -8 5
12 -7 6
12 -6 7
12 -5 7
12 -4 8
12 -3 8
12 -2 9
12 -1 9
12 0 9
12 1 9
12 2 9
12 3 8
12 4 8
12 5 7
12 6 7
12 7 6
12 8 5
12 9 4
12 10 3
12 11 1
12 12 0
12 13 -2
12 14 -3
12 15 -5
12 16 -7
12 17 -9
12 18 -11
12 19 -14
12 20 -16
12 21 -19
12 22 -21
12 23 -24
12 24 -27
12 25 -30
12 26 -33
12 27 -37
12 28 -40
12 29 -44
12 30 -47
13 -31 -50
13 -31 -49
13 -30 -46
13 -29 -42
13 -28 -38
13 -27 -35
13 -26 -32
13 -25 -29
13 -25 -28
13 -24 -25
13 -23 -23
13 -23 -22
13 -22 -20
13 -21 -17
13 -20 -14
13 -19 -12
13 -18 -10
13 -17 -8
13 -17 -7
13 -16 -5
13 -15 -4
13 -15 -3
13 -14 -2
13 -13 0
13 -12 2
13 -11 3
13 -10 4
13 -9 5
13 -9 6
13 -8 7
13 -7 7
13 -7 8
13 -6 8
13 -5 9
13 -4 10
13 -3 10
13 -2 10
13 -1 10
13 -1 11
13 0 11
13 1 10
13 1 11
13 2 10
13 3 10
13 4 10
13 5 9
13 6 8
13 7 7
13 7 8
13 8 7
13 9 5
13 9 6
13 10 4
13 11 3
13 12 2
13 13 0
13 14 -2
13 15 -4
13 15 -3
13 16 -5
13 17 -8
13 17 -7
13 18 -10
13 19 -12
13 20 -14
13 21 -17
13 22 -20
13 23 -23
13 23 -22
13 24 -25
13 25 -29
13 25 -28
13 26 -32
13 27 -35
13 28 -38
13 29 -42
13 30 -46
13 31 -50
13 31 -49
14 -31 -48
14 -30 -44
14 -29 -40
14 -28 -37
14 -27 -33
14 -26 -30
14 -25 -27
14 -24 -24
14 -23 -21
14 -22 -18
14 -21 -15
14 -20 -13
14 -19 -10
14 -18 -8
14 -17 -6
14 -16 -4
14 -15 -2
14 -14 0
14 -13 2
14 -12 3
14 -11 5
14 -10 6
14 -9 7
14 -8 8
14 -7 9
14 -6 10
14 -5 11
14 -4 11
14 -3 12
14 -2 12
14 -1 12
14 0 12
14 1 12
14 2 12
14 3 12
14 4 11
14 5 11
14 6 10
14 7 9
14 8 8
14 9 7
14 10 6
14 11 5
14 12 3
14 13 2
14 14 0
14 15 -2
14 16 -4
14 17 -6
14 18 -8
14 19 -10
14 20 -13
14 21 -15
14 22 -18
14 23 -21
14 24 -24
14 25 -27
14 26 -30
14 27 -33
14 28 -37
14 29 -40
14 30 -44
14 31 -48
15 -32 -50
15 -31 -46
15 -30 -42
15 -29 -39
15 -29 -38
15 -28 -35
15 -27 -32
15 -27 -31
15 -26 -28
15 -25 -25
15 -24 -22
15 -23 -19
15 -22 -16
15 -21 -14
15 -21 -13
15 -20 -11
15 -19 -9
15 -19 -8
15 -18 -6
15 -17 -4
15 -16 -2
15 -15 0
15 -14 2
15 -13 3
15 -13 4
15 -12 5
15 -11 6
15 -11 7
15 -10 8
15 -9 9
15 -8 10
15 -7 11
15 -6 12
15 -5 12
15 -5 13
15 -4 13
15 -3 13
15 -3 14
15 -2 14
15 -1 14
15 0 14
15 1 14
15 2 14
15 3 13
15 3 14
15 4 13
15 5 12
15 5 13
15 6 12
15 7 11
15 8 10
15 9 9
15 10 8
15 11 6
15 11 7
15 12 5
15 13 3
15 13 4
15 14 2
15 15 0
15 16 -2
15 17 -4
15 18 -6
15 19 -9
15 19 -8
15 20 -11
15 21 -14
15 21 -13
15 22 -16
15 23 -19
15 24 -22
15 25 -25
15 26 -28
15 27 -32
15 27 -31
15 28 -35
15 29 -39
15 29 -38
15 30 -42
15 31 -46
15 32 -50
16 -32 -48
16 -31 -44
16 -30 -40
16 -29 -37
16 -28 -33
16 -27 -30
16 -26 -26
16 -25 -23
16 -24 -20
16 -23 -17
16 -22 -14
16 -21 -12
16 -20 -9
16 -19 -7
16 -18 -4
16 -17 -2
16 -16 0
16 -15 2
16 -14 4
16 -13 5
16 -12 7
16 -11 8
16 -10 10
16 -9 11
16 -8 12
16 -7 13
16 -6 14
16 -5 14
16 -4 15
16 -3 15
16 -2 16
16 -1 16
16 0 16
16 1 16
16 2 16
16 3 15
16 4 15
16 5 14
16 6 14
16 7 13
16 8 12
16 9 11
16 10 10
16 11 8
16 12 7
16 13 5
16 14 4
16 15 2
16 16 0
16 17 -2
16 18 -4
16 19 -7
16 20 -9
16 21 -12
16 22 -14
16 23 -17
16 24 -20
16 25 -23
16 26 -26
16 27 -30
16 28 -33
16 29 -37
16 30 -40
16 31 -44
16 32 -48
17 -33 -50
17 -32 -46
17 -31 -42
17 -30 -38
17 -29 -35
17 -29 -34
17 -28 -31
17 -27 -28
17 -27 -27
17 -26 -24
17 -25 -21
17 -24 -18
17 -23 -15
17 -22 -12
17 -21 -10
17 -21 -9
17 -20 -7
17 -19 -5
17 -19 -4
17 -18 -2
17 -17 0
17 -16 2
17 -15 4
17 -14 6
17 -13 7
17 -13 8
17 -12 9
17 -11 10
17 -11 11
17 -10 12
17 -9 13
17 -8 14
17 -7 15
17 -6 16
17 -5 16
17 -5 17
17 -4 17
17 -3 17
17 -3 18
17 -2 18
17 -1 18
17 0 18
17 1 18
17 2 18
17 3 17
17 3 18
17 4 17
17 5 16
17 5 17
17 6 16
17 7 15
17 8 14
17 9 13
17 10 12
17 11 10
17 11 11
17 12 9
17 13 7
17 13 8
17 14 6
17 15 4
17 16 2
17 17 0
17 18 -2
17 19 -5
17 19 -4
17 20 -7
17 21 -10
17 21 -9
17 22 -12
17 23 -15
17 24 -18
17 25 -21
17 26 -24
17 27 -28
17 27 -27
17 28 -31
17 29 -35
17 29 -34
17 30 -38
17 31 -42
17 32 -46
17 33 -50
18 -33 -48
18 -32 -44
18 -31 -40
18 -30 -36
18 -29 -32
18 -28 -29
18 -27 -25
18 -26 -22
18 -25 -19
18 -24 -16
18 -23 -13
18 -22 -10
18 -21 -7
18 -20 -5
18 -19 -2
18 -18 0
18 -17 2
18 -16 4
18 -15 6
18 -14 8
18 -13 10
18 -12 11
18 -11 13
18 -10 14
18 -9 15
18 -8 16
18 -7 17
18 -6 18
18 -5 19
18 -4 19
18 -3 20
18 -2 20
18 -1 20
18 0 20
18 1 20
18 2 20
18 3 20
18 4 19
18 5 19
18 6 18
18 7 17
18 8 16
18 9 15
18 10 14
18 11 13
18 12 11
18 13 10
18 14 8
18 15 6
18 16 4
18 17 2
18 18 0
18 19 -2
18 20 -5
18 21 -7
18 22 -10
18 23 -13
18 24 -16
18 25 -19
18 26 -22
18 27 -25
18 28 -29
18 29 -32
18 30 -36
18 31 -40
18 32 -44
18 33 -48
19 -34 -50
19 -33 -46
19 -33 -45
19 -32 -41
19 -31 -38
19 -31 -37
19 -30 -34
19 -29 -30
19 -28 -26
19 -27 -23
19 -26 -20
19 -25 -17
19 -25 -16
19 -24 -13
19 -23 -11
19 -23 -10
19 -22 -8
19 -21 -5
19 -20 -2
19 -19 0
19 -18 2
19 -17 4
19 -17 5
19 -16 7
19 -15 8
19 -15 9
19 -14 10
19 -13 12
19 -12 14
19 -11 15
19 -10 16
19 -9 17
19 -9 18
19 -8 19
19 -7 19
19 -7 20
19 -6 20
19 -5 21
19 -4 22
19 -3 22
19 -2 22
19 -1 22
19 -1 23
19 0 23
19 1 22
19 1 23
19 2 22
19 3 22
19 4 22
19 5 21
19 6 20
19 7 19
19 7 20
19 8 19
19 9 17
19 9 18
19 10 16
19 11 15
19 12 14
19 13 12
19 14 10
19 15 8
19 15 9
19 16 7
19 17 4
19 17 5
19 18 2
19 19 0
19 20 -2
19 21 -5
19 22 -8
19 23 -11
19 23 -10
19 24 -13
19 25 -17
19 25 -16
19 26 -20
19 27 -23
19 28 -26
19 29 -30
19 30 -34
19 31 -38
19 31 -37
19 32 -41
19 33 -46
19 33 -45
19 34 -50
20 -34 -47
20 -33 -43
20 -32 -39
20 -31 -35
20 -30 -31
20 -29 -28
20 -28 -24
20 -27 -21
20 -26 -17
20 -25 -14
20 -24 -11
20 -23 -8
20 -22 -5
20 -21 -3
20 -20 0
20 -19 2
20 -18 5
20 -17 7
20 -16 9
20 -15 11
20 -14 13
20 -13 14
20 -12 16
20 -11 17
20 -10 19
20 -9 20
20 -8 21
20 -7 22
20 -6 23
20 -5 23
20 -4 24
20 -3 24
20 -2 25
20 -1 25
20 0 25
20 1 25
20 2 25
20 3 24
20 4 24
20 5 23
20 6 23
20 7 22
20 8 21
20 9 20
20 10 19
20 11 17
20 12 16
20 13 14
20 14 13
20 15 11
20 16 9
20 17 7
20 18 5
20 19 2
20 20 0
20 21 -3
20 22 -5
20 23 -8
20 24 -11
20 25 -14
20 26 -17
20 27 -21
20 28 -24
20 29 -28
20 30 -31
20 31 -35
20 32 -39
20 33 -43
20 34 -47
21 -35 -49
21 -34 -45
21 -33 -41
21 -33 -40
21 -32 -36
21 -31 -33
21 -31 -32
21 -30 -29
21 -29 -25
21 -28 -21
21 -27 -18
21 -26 -15
21 -25 -12
21 -25 -11
21 -24 -8
21 -23 -6
21 -23 -5
21 -22 -3
21 -21 0
21 -20 3
21 -19 5
21 -18 7
21 -17 9
21 -17 10
21 -16 12
21 -15 13
21 -15 14
21 -14 15
21 -13 17
21 -12 19
21 -11 20
21 -10 21
21 -9 22
21 -9 23
21 -8 24
21 -7 24
21 -7 25
21 -6 25
21 -5 26
21 -4 27
21 -3 27
21 -2 27
21 -1 27
21 -1 28
21 0 28
21 1 27
21 1 28
21 2 27
21 3 27
21 4 27
21 5 26
21 6 25
21 7 24
21 7 25
21 8 24
21 9 22
21 9 23
21 10 21
21 11 20
21 12 19
21 13 17
21 14 15
21 15 13
21 15 14
21 16 12
21 17 9
21 17 10
21 18 7
21 19 5
21 20 3
21 21 0
21 22 -3
21 23 -6
21 23 -5
21 24 -8
21 25 -12
21 25 -11
21 26 -15
21 27 -18
21 28 -21
21 29 -25
21 30 -29
21 31 -33
21 31 -32
21 32 -36
21 33 -41
21 33 -40
21 34 -45
21 35 -49
22 -35 -46
22 -34 -42
22 -33 -38
22 -32 -34
22 -31 -30
22 -30 -26
22 -29 -22
22 -28 -19
22 -27 -15
22 -26 -12
22 -25 -9
22 -24 -6
22 -23 -3
22 -22 0
22 -21 3
22 -20 5
22 -19 8
22 -18 10
22 -17 12
22 -16 14
22 -15 16
22 -14 18
22 -13 20
22 -12 21
22 -11 23
22 -10 24
22 -9 25
22 -8 26
22 -7 27
22 -6 28
22 -5 29
22 -4 29
22 -3 30
22 -2 30
22 -1 30
22 0 30
22 1 30
22 2 30
22 3 30
22 4 29
22 5 29
22 6 28
22 7 27
22 8 26
22 9 25
22 10 24
22 11 23
22 12 21
22 13 20
22 14 18
22 15 16
22 16 14
22 17 12
22 18 10
22 19 8
22 20 5
22 21 3
22 22 0
22 23 -3
22 24 -6
22 25 -9
22 26 -12
22 27 -15
22 28 -19
22 29 -22
22 30 -26
22 31 -30
22 32 -34
22 33 -38
22 34 -42
22 35 -46
23 -36 -48
23 -35 -44
23 -35 -43
23 -34 -39
23 -33 -35
23 -32 -31
23 -31 -27
23 -30 -23
23 -29 -20
23 -29 -19
23 -28 -16
23 -27 -13
23 -27 -12
23 -26 -9
23 -25 -6
23 -24 -3
23 -23 0
23 -22 3
23 -21 5
23 -21 6
23 -20 8
23 -19 10
23 -19 11
23 -18 13
23 -17 15
23 -16 17
23 -15 19
23 -14 21
23 -13 22
23 -13 23
23 -12 24
23 -11 25
23 -11 26
23 -10 27
23 -9 28
23 -8 29
23 -7 30
23 -6 31
23 -5 31
23 -5 32
23 -4 32
23 -3 32
23 -3 33
23 -2 33
23 -1 33
23 0 33
23 1 33
23 2 33
23 3 32
23 3 33
23 4 32
23 5 31
23 5 32
23 6 31
23 7 30
23 8 29
23 9 28
23 10 27
23 11 25
23 11 26
23 12 24
23 13 22
23 13 23
23 14 21
23 15 19
23 16 17
23 17 15
23 18 13
23 19 10
23 19 11
23 20 8
23 21 5
23 21 6
23 22 3
23 23 0
23 24 -3
23 25 -6
23 26 -9
23 27 -13
23 27 -12
23 28 -16
23 29 -20
23 29 -19
23 30 -23
23 31 -27
23 32 -31
23 33 -35
23 34 -39
23 35 -44
23 35 -43
23 36 -48
24 -37 -50
24 -36 -45
24 -35 -41
24 -34 -36
24 -33 -32
24 -32 -28
24 -31 -24
24 -30 -20
24 -29 -17
24 -28 -13
24 -27 -10
24 -26 -6
24 -25 -3
24 -24 0
24 -23 3
24 -22 6
24 -21 8
24 -20 11
24 -19 13
24 -18 16
24 -17 18
24 -16 20
24 -15 22
24 -14 24
24 -13 25
24 -12 27
24 -11 28
24 -10 30
24 -9 31
24 -8 32
24 -7 33
24 -6 34
24 -5 34
24 -4 35
24 -3 35
24 -2 36
24 -1 36
24 0 36
24 1 36
24 2 36
24 3 35
24 4 35
24 5 34
24 6 34
24 7 33
24 8 32
24 9 31
24 10 30
24 11 28
24 12 27
24 13 25
24 14 24
24 15 22
24 16 20
24 17 18
24 18 16
24 19 13
24 20 11
24 21 8
24 22 6
24 23 3
24 24 0
24 25 -3
24 26 -6
24 27 -10
24 28 -13
24 29 -17
24 30 -20
24 31 -24
24 32 -28
24 33 -32
24 34 -36
24 35 -41
24 36 -45
24 37 -50
25 -37 -47
25 -37 -46
25 -36 -42
25 -35 -38
25 -35 -37
25 -34 -33
25 -33 -29
25 -32 -25
25 -31 -21
25 -30 -17
25 -29 -14
25 -29 -13
25 -28 -10
25 -27 -7
25 -27 -6
25 -26 -3
25 -25 0
25 -24 3
25 -23 6
25 -22 9
25 -21 11
25 -21 12
25 -20 14
25 -19 16
25 -19 17
25 -18 19
25 -17 21
25 -16 23
25 -15 25
25 -14 27
25 -13 28
25 -13 29
25 -12 30
25 -11 31
25 -11 32
25 -10 33
25 -9 34
25 -8 35
25 -7 36
25 -6 37
25 -5 37
25 -5 38
25 -4 38
25 -3 38
25 -3 39
25 -2 39
25 -1 39
25 0 39
25 1 39
25 2 39
25 3 38
25 3 39
25 4 38
25 5 37
25 5 38
25 6 37
25 7 36
25 8 35
25 9 34
25 10 33
25 11 31
25 11 32
25 12 30
25 13 28
25 13 29
25 14 27
25 15 25
25 16 23
25 17 21
25 18 19
25 19 16
25 19 17
25 20 14
25 21 11
25 21 12
25 22 9
25 23 6
25 24 3
25 25 0
25 26 -3
25 27 -7
25 27 -6
25 28 -10
25 29 -14
25 29 -13
25 30 -17
25 31 -21
25 32 -25
25 33 -29
25 34 -33
25 35 -38
25 35 -37
25 36 -42
25 37 -47
25 37 -46
26 -38 -48
26 -37 -43
26 -36 -39
26 -35 -34
26 -34 -30
26 -33 -26
26 -32 -22
26 -31 -18
26 -30 -14
26 -29 -10
26 -28 -7
26 -27 -3
26 -26 0
26 -25 3
26 -24 6
26 -23 9
26 -22 12
26 -21 15
26 -20 17
26 -19 20
26 -18 22
26 -17 24
26 -16 26
26 -15 28
26 -14 30
26 -13 32
26 -12 33
26 -11 35
26 -10 36
26 -9 37
26 -8 38
26 -7 39
26 -6 40
26 -5 41
26 -4 41
26 -3 42
26 -2 42
26 -1 42
26 0 42
26 1 42
26 2 42
26 3 42
26 4 41
26 5 41
26 6 40
26 7 39
26 8 38
26 9 37
26 10 36
26 11 35
26 12 33
26 13 32
26 14 30
26 15 28
26 16 26
26 17 24
26 18 22
26 19 20
26 20 17
26 21 15
26 22 12
26 23 9
26 24 6
26 25 3
26 26 0
26 27 -3
26 28 -7
26 29 -10
26 30 -14
26 31 -18
26 32 -22
26 33 -26
26 34 -30
26 35 -34
26 36 -39
26 37 -43
26 38 -48
27 -39 -50
27 -39 -49
27 -38 -45
27 -37 -40
27 -36 -35
27 -35 -31
27 -34 -27
27 -33 -23
27 -33 -22
27 -32 -18
27 -31 -15
27 -31 -14
27 -30 -11
27 -29 -7
27 -28 -3
27 -27 0
27 -26 3
27 -25 6
27 -25 7
27 -24 10
27 -23 12
27 -23 13
27 -22 15
27 -21 18
27 -20 21
27 -19 23
27 -18 25
27 -17 27
27 -17 28
27 -16 30
27 -15 31
27 -15 32
27 -14 33
27 -13 35
27 -12 37
27 -11 38
27 -10 39
27 -9 40
27 -9 41
27 -8 42
27 -7 42
27 -7 43
27 -6 43
27 -5 44
27 -4 45
27 -3 45
27 -2 45
27 -1 45
27 -1 46
27 0 46
27 1 45
27 1 46
27 2 45
27 3 45
27 4 45
27 5 44
27 6 43
27 7 42
27 7 43
27 8 42
27 9 40
27 9 41
27 10 39
27 11 38
27 12 37
27 13 35
27 14 33
27 15 31
27 15 32
27 16 30
27 17 27
27 17 28
27 18 25
27 19 23
27 20 21
27 21 18
27 22 15
27 23 12
27 23 13
27 24 10
27 25 6
27 25 7
27 26 3
27 27 0
27 28 -3
27 29 -7
27 30 -11
27 31 -15
27 31 -14
27 32 -18
27 33 -23
27 33 -22
27 34 -27
27 35 -31
27 36 -35
27 37 -40
27 38 -45
27 39 -50
27 39 -49
28 -39 -46
28 -38 -41
28 -37 -37
28 -36 -32
28 -35 -28
28 -34 -23
28 -33 -19
28 -32 -15
28 -31 -11
28 -30 -7
28 -29 -4
28 -28 0
28 -27 3
28 -26 7
28 -25 10
28 -24 13
28 -23 16
28 -22 19
28 -21 21
28 -20 24
28 -19 26
28 -18 29
28 -17 31
28 -16 33
28 -15 35
28 -14 37
28 -13 38
28 -12 40
28 -11 41
28 -10 43
28 -9 44
28 -8 45
28 -7 46
28 -6 47
28 -5 47
28 -4 48
28 -3 48
28 -2 49
28 -1 49
28 0 49
28 1 49
28 2 49
28 3 48
28 4 48
28 5 47
28 6 47
28 7 46
28 8 45
28 9 44
28 10 43
28 11 41
28 12 40
28 13 38
28 14 37
28 15 35
28 16 33
28 17 31
28 18 29
28 19 26
28 20 24
28 21 21
28 22 19
28 23 16
28 24 13
28 25 10
28 26 7
28 27 3
28 28 0
28 29 -4
28 30 -7
28 31 -11
28 32 -15
28 33 -19
28 34 -23
28 35 -28
28 36 -32
28 37 -37
28 38 -41
28 39 -46
29 -40 -47
29 -39 -43
29 -39 -42
29 -38 -38
29 -37 -33
29 -36 -28
29 -35 -24
29 -34 -20
29 -33 -16
29 -33 -15
29 -32 -11
29 -31 -8
29 -31 -7
29 -30 -4
29 -29 0
29 -28 4
29 -27 7
29 -26 10
29 -25 13
29 -25 14
29 -24 17
29 -23 19
29 -23 20
29 -22 22
29 -21 25
29 -20 28
29 -19 30
29 -18 32
29 -17 34
29 -17 35
29 -16 37
29 -15 38
29 -15 39
29 -14 40
29 -13 42
29 -12 44
29 -11 45
29 -10 46
29 -9 47
29 -9 48
29 -8 49
29 -7 49
29 7 49
29 8 49
29 9 47
29 9 48
29 10 46
29 11 45
29 12 44
29 13 42
29 14 40
29 15 38
29 15 39
29 16 37
29 17 34
29 17 35
29 18 32
29 19 30
29 20 28
29 21 25
29 22 22
29 23 19
29 23 20
29 24 17
29 25 13
29 25 14
29 26 10
29 27 7
29 28 4
29 29 0
29 30 -4
29 31 -8
29 31 -7
29 32 -11
29 33 -16
29 33 -15
29 34 -20
29 35 -24
29 36 -28
29 37 -33
29 38 -38
29 39 -43
29 39 -42
29 40 -47
30 -41 -49
30 -40 -44
30 -39 -39
30 -38 -34
30 -37 -29
30 -36 -25
30 -35 -20
30 -34 -16
30 -33 -12
30 -32 -8
30 -31 -4
30 -30 0
30 -29 4
30 -28 7
30 -27 11
30 -26 14
30 -25 17
30 -24 20
30 -23 23
30 -22 26
30 -21 29
30 -20 31
30 -19 34
30 -18 36
30 -17 38
30 -16 40
30 -15 42
30 -14 44
30 -13 46
30 -12 47
30 -11 49
30 11 49
30 12 47
30 13 46
30 14 44
30 15 42
30 16 40
30 17 38
30 18 36
30 19 34
30 20 31
30 21 29
30 22 26
30 23 23
30 24 20
30 25 17
30 26 14
30 27 11
30 28 7
30 29 4
30 30 0
30 31 -4
30 32 -8
30 33 -12
30 34 -16
30 35 -20
30 36 -25
30 37 -29
30 38 -34
30 39 -39
30 40 -44
30 41 -49
31 -42 -50
31 -41 -45
31 -40 -40
31 -39 -35
31 -38 -30
31 -37 -26
31 -37 -25
31 -36 -21
31 -35 -17
31 -35 -16
31 -34 -12
31 -33 -8
31 -32 -4
31 -31 0
31 -30 4
31 -29 7
31 -29 8
31 -28 11
31 -27 14
31 -27 15
31 -26 18
31 -25 21
31 -24 24
31 -23 27
31 -22 30
31 -21 32
31 -21 33
31 -20 35
31 -19 37
31 -19 38
31 -18 40
31 -17 42
31 -16 44
31 -15 46
31 -14 48
31 -13 49
31 13 49
31 14 48
31 15 46
31 16 44
31 17 42
31 18 40
31 19 37
31 19 38
31 20 35
31 21 32
31 21 33
31 22 30
31 23 27
31 24 24
31 25 21
31 26 18
31 27 14
31 27 15
31 28 11
31 29 7
31 29 8
31 30 4
31 31 0
31 32 -4
31 33 -8
31 34 -12
31 35 -17
31 35 -16
31 36 -21
31 37 -26
31 37 -25
31 38 -30
31 39 -35
31 40 -40
31 41 -45
31 42 -50
32 -42 -46
32 -41 -41
32 -40 -36
32 -39 -31
32 -38 -26
32 -37 -22
32 -36 -17
32 -35 -13
32 -34 -8
32 -33 -4
32 -32 0
32 -31 4
32 -30 8
32 -29 11
32 -28 15
32 -27 18
32 -26 22
32 -25 25
32 -24 28
32 -23 31
32 -22 34
32 -21 36
32 -20 39
32 -19 41
32 -18 44
32 -17 46
32 -16 48
32 16 48
32 17 46
32 18 44
32 19 41
32 20 39
32 21 36
32 22 34
32 23 31
32 24 28
32 25 25
32 26 22
32 27 18
32 28 15
32 29 11
32 30 8
32 31 4
32 32 0
32 33 -4
32 34 -8
32 35 -13
32 36 -17
32 37 -22
32 38 -26
32 39 -31
32 40 -36
32 41 -41
32 42 -46
33 -43 -48
33 -43 -47
33 -42 -42
33 -41 -37
33 -40 -32
33 -39 -27
33 -38 -22
33 -37 -18
33 -37 -17
33 -36 -13
33 -35 -9
33 -35 -8
33 -34 -4
33 -33 0
33 -32 4
33 -31 8
33 -30 12
33 -29 15
33 -29 16
33 -28 19
33 -27 22
33 -27 23
33 -26 26
33 -25 29
33 -24 32
33 -23 35
33 -22 38
33 -21 40
33 -21 41
33 -20 43
33 -19 45
33 -19 46
33 -18 48
33 18 48
33 19 45
33 19 46
33 20 43
33 21 40
33 21 41
33 22 38
33 23 35
33 24 32
33 25 29
33 26 26
33 27 22
33 27 23
33 28 19
33 29 15
33 29 16
33 30 12
33 31 8
33 32 4
33 33 0
33 34 -4
33 35 -9
33 35 -8
33 36 -13
33 37 -18
33 37 -17
33 38 -22
33 39 -27
33 40 -32
33 41 -37
33 42 -42
33 43 -48
33 43 -47
34 -44 -49
34 -43 -43
34 -42 -38
34 -41 -33
34 -40 -28
34 -39 -23
34 -38 -18
34 -37 -13
34 -36 -9
34 -35 -4
34 -34 0
34 -33 4
34 -32 8
34 -31 12
34 -30 16
34 -29 20
34 -28 23
34 -27 27
34 -26 30
34 -25 33
34 -24 36
34 -23 39
34 -22 42
34 -21 45
34 -20 47
34 20 47
34 21 45
34 22 42
34 23 39
34 24 36
34 25 33
34 26 30
34 27 27
34 28 23
34 29 20
34 30 16
34 31 12
34 32 8
34 33 4
34 34 0
34 35 -4
34 36 -9
34 37 -13
34 38 -18
34 39 -23
34 40 -28
34 41 -33
34 42 -38
34 43 -43
34 44 -49
35 -45 -50
35 -44 -44
35 -43 -39
35 -42 -34
35 -41 -29
35 -41 -28
35 -40 -23
35 -39 -19
35 -39 -18
35 -38 -14
35 -37 -9
35 -36 -4
35 -35 0
35 -34 4
35 -33 8
35 -33 9
35 -32 13
35 -31 16
35 -31 17
35 -30 20
35 -29 24
35 -28 28
35 -27 31
35 -26 34
35 -25 37
35 -25 38
35 -24 41
35 -23 43
35 -23 44
35 -22 46
35 -21 49
35 21 49
35 22 46
35 23 43
35 23 44
35 24 41
35 25 37
35 25 38
35 26 34
35 27 31
35 28 28
35 29 24
35 30 20
35 31 16
35 31 17
35 32 13
35 33 8
35 33 9
35 34 4
35 35 0
35 36 -4
35 37 -9
35 38 -14
35 39 -19
35 39 -18
35 40 -23
35 41 -29
35 41 -28
35 42 -34
35 43 -39
35 44 -44
35 45 -50
36 -45 -46
36 -44 -40
36 -43 -35
36 -42 -29
36 -41 -24
36 -40 -19
36 -39 -14
36 -38 -9
36 -37 -5
36 -36 0
36 -35 4
36 -34 9
36 -33 13
36 -32 17
36 -31 21
36 -30 25
36 -29 28
36 -28 32
36 -27 35
36 -26 39
36 -25 42
36 -24 45
36 -23 48
36 23 48
36 24 45
36 25 42
36 26 39
36 27 35
36 28 32
36 29 28
36 30 25
36 31 21
36 32 17
36 33 13
36 34 9
36 35 4
36 36 0
36 37 -5
36 38 -9
36 39 -14
36 40 -19
36 41 -24
36 42 -29
36 43 -35
36 44 -40
36 45 -46
37 -46 -47
37 -45 -41
37 -44 -35
37 -43 -30
37 -42 -25
37 -41 -20
37 -41 -19
37 -40 -14
37 -39 -10
37 -39 -9
37 -38 -5
37 -37 0
37 -36 5
37 -35 9
37 -34 13
37 -33 17
37 -33 18
37 -32 22
37 -31 25
37 -31 26
37 -30 29
37 -29 33
37 -28 37
37 -27 40
37 -26 43
37 -25 46
37 -25 47
37 25 46
37 25 47
37 26 43
37 27 40
37 28 37
37 29 33
37 30 29
37 31 25
37 31 26
37 32 22
37 33 17
37 33 18
37 34 13
37 35 9
37 36 5
37 37 0
37 38 -5
37 39 -10
37 39 -9
37 40 -14
37 41 -20
37 41 -19
37 42 -25
37 43 -30
37 44 -35
37 45 -41
37 46 -47
38 -47 -48
38 -46 -42
38 -45 -36
38 -44 -31
38 -43 -25
38 -42 -20
38 -41 -15
38 -40 -10
38 -39 -5
38 -38 0
38 -37 5
38 -36 9
38 -35 14
38 -34 18
38 -33 22
38 -32 26
38 -31 30
38 -30 34
38 -29 38
38 -28 41
38 -27 45
38 -26 48
38 26 48
38 27 45
38 28 41
38 29 38
38 30 34
38 31 30
38 32 26
38 33 22
38 34 18
38 35 14
38 36 9
38 37 5
38 38 0
38 39 -5
38 40 -10
38 41 -15
38 42 -20
38 43 -25
38 44 -31
38 45 -36
38 46 -42
38 47 -48
39 -48 -49
39 -47 -43
39 -46 -37
39 -45 -32
39 -45 -31
39 -44 -26
39 -43 -21
39 -43 -20
39 -42 -15
39 -41 -10
39 -40 -5
39 -39 0
39 -38 5
39 -37 9
39 -37 10
39 -36 14
39 -35 18
39 -35 19
39 -34 23
39 -33 27
39 -32 31
39 -31 35
39 -30 39
39 -29 42
39 -29 43
39 -28 46
39 -27 49
39 27 49
39 28 46
39 29 42
39 29 43
39 30 39
39 31 35
39 32 31
39 33 27
39 34 23
39 35 18
39 35 19
39 36 14
39 37 9
39 37 10
39 38 5
39 39 0
39 40 -5
39 41 -10
39 42 -15
39 43 -21
39 43 -20
39 44 -26
39 45 -32
39 45 -31
39 46 -37
39 47 -43
39 48 -49
40 -49 -50
40 -48 -44
40 -47 -38
40 -46 -32
40 -45 -27
40 -44 -21
40 -43 -16
40 -42 -10
40 -41 -5
40 -40 0
40 -39 5
40 -38 10
40 -37 14
40 -36 19
40 -35 23
40 -34 28
40 -33 32
40 -32 36
40 -31 40
40 -30 44
40 -29 47
40 29 47
40 30 44
40 31 40
40 32 36
40 33 32
40 34 28
40 35 23
40 36 19
40 37 14
40 38 10
40 39 5
40 40 0
40 41 -5
40 42 -10
40 43 -16
40 44 -21
40 45 -27
40 46 -32
40 47 -38
40 48 -44
40 49 -50
41 -49 -45
41 -48 -39
41 -47 -33
41 -46 -27
41 -45 -22
41 -45 -21
41 -44 -16
41 -43 -11
41 -43 -10
41 -42 -5
41 -41 0
41 -40 5
41 -39 10
41 -38 15
41 -37 19
41 -37 20
41 -36 24
41 -35 28
41 -35 29
41 -34 33
41 -33 37
41 -32 41
41 -31 45
41 -30 49
41 30 49
41 31 45
41 32 41
41 33 37
41 34 33
41 35 28
41 35 29
41 36 24
41 37 19
41 37 20
41 38 15
41 39 10
41 40 5
41 41 0
41 42 -5
41 43 -11
41 43 -10
41 44 -16
41 45 -22
41 45 -21
41 46 -27
41 47 -33
41 48 -39
41 49 -45
42 -50 -46
42 -49 -40
42 -48 -34
42 -47 -28
42 -46 -22
42 -45 -16
42 -44 -11
42 -43 -5
42 -42 0
42 -41 5
42 -40 10
42 -39 15
42 -38 20
42 -37 25
42 -36 29
42 -35 34
42 -34 38
42 -33 42
42 -32 46
42 32 46
42 33 42
42 34 38
42 35 34
42 36 29
42 37 25
42 38 20
42 39 15
42 40 10
42 41 5
42 42 0
42 43 -5
42 44 -11
42 45 -16
42 46 -22
42 47 -28
42 48 -34
42 49 -40
43 -50 -41
43 -49 -35
43 -49 -34
43 -48 -28
43 -47 -23
43 -47 -22
43 -46 -17
43 -45 -11
43 -44 -5
43 -43 0
43 -42 5
43 -41 10
43 -41 11
43 -40 16
43 -39 20
43 -39 21
43 -38 25
43 -37 30
43 -36 35
43 -35 39
43 -34 43
43 -33 47
43 -33 48
43 33 47
43 33 48
43 34 43
43 35 39
43 36 35
43 37 30
43 38 25
43 39 20
43 39 21
43 40 16
43 41 10
43 41 11
43 42 5
43 43 0
43 44 -5
43 45 -11
43 46 -17
43 47 -23
43 47 -22
43 48 -28
43 49 -35
43 49 -34
44 -50 -35
44 -49 -29
44 -48 -23
44 -47 -17
44 -46 -11
44 -45 -6
44 -44 0
44 -43 5
44 -42 11
44 -41 16
44 -40 21
44 -39 26
44 -38 31
44 -37 35
44 -36 40
44 -35 44
44 -34 49
44 34 49
44 35 44
44 36 40
44 37 35
44 38 31
44 39 26
44 40 21
44 41 16
44 42 11
44 43 5
44 44 0
44 45 -6
44 46 -11
44 47 -17
44 48 -23
44 49 -29
45 -50 -30
45 -49 -24
45 -49 -23
45 -48 -17
45 -47 -12
45 -47 -11
45 -46 -6
45 -45 0
45 -44 6
45 -43 11
45 -42 16
45 -41 21
45 -41 22
45 -40 27
45 -39 31
45 -39 32
45 -38 36
45 -37 41
45 -36 46
45 36 46
45 37 41
45 38 36
45 39 31
45 39 32
45 40 27
45 41 21
45 41 22
45 42 16
45 43 11
45 44 6
45 45 0
45 46 -6
45 47 -12
45 47 -11
45 48 -17
45 49 -24
45 49 -23
46 -50 -24
46 -49 -18
46 -48 -12
46 -47 -6
46 -46 0
46 -45 6
46 -44 11
46 -43 17
46 -42 22
46 -41 27
46 -40 32
46 -39 37
46 -38 42
46 -37 47
46 37 47
46 38 42
46 39 37
46 40 32
46 41 27
46 42 22
46 43 17
46 44 11
46 45 6
46 46 0
46 47 -6
46 48 -12
46 49 -18
47 -50 -18
47 -49 -12
47 -48 -6
47 -47 0
47 -46 6
47 -45 11
47 -45 12
47 -44 17
47 -43 22
47 -43 23
47 -42 28
47 -41 33
47 -40 38
47 -39 43
47 -38 48
47 38 48
47 39 43
47 40 38
47 41 33
47 42 28
47 43 22
47 43 23
47 44 17
47 45 11
47 45 12
47 46 6
47 47 0
47 48 -6
47 49 -12
48 -50 -12
48 -49 -6
48 -48 0
48 -47 6
48 -46 12
48 -45 17
48 -44 23
48 -43 28
48 -42 34
48 -41 39
48 -40 44
48 -39 49
48 39 49
48 40 44
48 41 39
48 42 34
48 43 28
48 44 23
48 45 17
48 46 12
48 47 6
48 48 0
48 49 -6
49 -50 -6
49 -49 0
49 -48 6
49 -47 12
49 -46 18
49 -45 23
49 -45 24
49 -44 29
49 -43 34
49 -43 35
49 -42 40
49 -41 45
49 41 45
49 42 40
49 43 34
49 43 35
49 44 29
49 45 23
49 45 24
49 46 18
49 47 12
49 48 6
49 49 0
